1 번쨰 ----------------- 
1. 구름 이동 후 
[[5, 3], [5, 4], [4, 3], [4, 4]]
비 내린 후
[0, 0, 1, 0, 2]
[2, 3, 2, 1, 0]
[4, 3, 2, 9, 0]
[1, 0, 3, 10, 0]
[8, 8, 3, 2, 0]

물 복사 후
[0, 0, 1, 0, 2]
[2, 3, 2, 1, 0]
[4, 3, 2, 9, 0]
[1, 0, 7, 12, 0]
[8, 8, 4, 3, 0]

최종 상태
[0, 0, 1, 0, 0]
[0, 1, 0, 1, 0]
[2, 1, 0, 7, 0]
[1, 0, 7, 12, 0]
[6, 6, 4, 3, 0]

[[1, 5], [2, 1], [2, 2], [2, 3], [3, 1], [3, 2], [3, 3], [3, 4], [5, 1], [5, 2]]
2 번쨰 ----------------- 
1. 구름 이동 후 
[[2, 5], [3, 1], [3, 2], [3, 3], [4, 1], [4, 2], [4, 3], [4, 4], [1, 1], [1, 2]]
비 내린 후
[1, 1, 1, 0, 0]
[0, 1, 0, 1, 1]
[3, 2, 1, 7, 0]
[2, 1, 8, 13, 0]
[6, 6, 4, 3, 0]

물 복사 후
[2, 1, 1, 0, 0]
[0, 1, 0, 1, 2]
[5, 4, 5, 7, 0]
[4, 5, 12, 15, 0]
[6, 6, 4, 3, 0]

최종 상태
[2, 1, 1, 0, 0]
[0, 1, 0, 1, 2]
[5, 4, 5, 5, 0]
[4, 5, 12, 15, 0]
[4, 4, 2, 1, 0]

[[3, 4], [5, 1], [5, 2], [5, 3], [5, 4]]
3 번쨰 ----------------- 
1. 구름 이동 후 
[[4, 3], [1, 5], [1, 1], [1, 2], [1, 3]]
비 내린 후
[3, 2, 2, 0, 1]
[0, 1, 0, 1, 2]
[5, 4, 5, 5, 0]
[4, 5, 13, 15, 0]
[4, 4, 2, 1, 0]

물 복사 후
[4, 2, 4, 0, 2]
[0, 1, 0, 1, 2]
[5, 4, 5, 5, 0]
[4, 5, 17, 15, 0]
[4, 4, 2, 1, 0]

최종 상태
[4, 2, 4, 0, 2]
[0, 1, 0, 1, 0]
[3, 2, 3, 3, 0]
[2, 3, 17, 13, 0]
[2, 2, 0, 1, 0]

[[2, 5], [3, 1], [3, 2], [3, 3], [3, 4], [4, 1], [4, 2], [4, 4], [5, 1], [5, 2], [5, 3]]
4 번쨰 ----------------- 
1. 구름 이동 후 
[[4, 3], [5, 4], [5, 5], [5, 1], [5, 2], [1, 4], [1, 5], [1, 2], [2, 4], [2, 5], [2, 1]]
비 내린 후
[4, 3, 4, 1, 3]
[1, 1, 0, 2, 1]
[3, 2, 3, 3, 0]
[2, 3, 18, 13, 0]
[3, 3, 0, 2, 1]

물 복사 후
[4, 4, 4, 2, 4]
[3, 1, 0, 5, 3]
[3, 2, 3, 3, 0]
[2, 3, 22, 13, 0]
[4, 5, 0, 3, 2]

최종 상태
[2, 4, 2, 2, 4]
[3, 1, 0, 5, 3]
[1, 0, 1, 1, 0]
[0, 1, 22, 11, 0]
[4, 5, 0, 3, 2]

[[1, 1], [1, 3], [3, 1], [3, 2], [3, 3], [3, 4], [4, 1], [4, 2], [4, 4]]
77
