50
20
37 64 92 91 24 88 59 92 46 37 79 84 67 92 100 71 46 20 39 85 
60 43 76 42 33 72 62 18 54 31 50 25 93 10 22 70 23 71 58 50 
59 74 27 64 71 92 79 57 97 96 28 30 10 34 10 23 62 100 79 27 
49 18 30 4 89 87 4 19 16 12 40 81 52 16 8 87 38 91 70 90 
68 43 80 62 75 6 86 5 33 27 94 10 41 48 67 80 45 23 40 58 
85 80 80 62 56 26 77 18 24 1 74 62 10 70 27 31 28 71 93 41 
23 39 69 20 39 43 13 87 28 30 32 9 31 17 66 60 73 91 58 95 
83 49 42 27 17 25 39 99 54 4 22 38 41 24 94 54 56 29 53 28 
26 52 98 7 93 25 23 88 6 51 5 51 4 100 1 12 39 13 45 7 
71 17 13 83 95 34 8 62 21 36 56 56 22 86 95 23 13 98 88 13 
60 58 88 1 40 56 58 89 12 17 32 15 85 45 25 77 78 28 28 54 
39 26 52 48 20 10 67 84 14 36 76 30 16 80 90 84 23 5 54 64 
91 80 26 39 7 45 67 31 79 16 23 53 77 50 5 67 46 67 4 97 
39 50 4 25 68 44 89 80 6 78 44 32 71 24 19 91 53 64 59 72 
65 23 80 100 81 87 85 41 90 92 63 93 11 90 62 44 66 13 11 18 
21 9 74 13 65 34 81 91 91 38 79 21 54 84 79 75 87 73 19 73 
82 50 87 12 99 75 56 84 93 27 46 17 89 57 2 41 83 44 45 38 
31 71 59 21 37 22 92 16 45 36 43 5 85 70 29 20 86 49 77 59 
25 76 7 94 94 62 94 17 87 44 94 22 78 45 41 74 37 98 25 100 
83 22 12 24 36 52 11 15 74 88 83 22 33 31 61 6 16 24 34 82 
20
49 24 2 32 25 57 25 49 99 90 41 37 33 79 68 22 65 97 72 53 
73 86 74 98 94 71 63 84 32 8 63 14 23 79 71 91 73 71 17 32 
56 39 48 56 8 67 62 50 15 92 87 90 73 79 26 4 55 3 74 1 
48 93 89 21 42 7 94 16 51 4 5 82 14 35 81 85 49 87 2 89 
100 85 68 8 65 45 53 14 50 21 36 76 22 18 5 93 71 12 92 77 
3 13 67 86 44 47 88 9 77 77 14 12 6 30 99 54 34 29 91 92 
91 44 86 31 7 82 90 47 63 94 17 63 50 11 99 60 71 72 16 58 
44 50 90 57 69 44 27 43 8 3 84 92 93 85 52 87 89 64 51 54 
8 51 93 90 59 95 60 87 97 7 46 76 3 3 97 71 92 89 38 57 
35 34 72 40 36 90 67 11 18 10 2 76 9 80 79 12 61 66 12 21 
19 36 99 95 73 43 13 65 91 78 93 47 27 88 16 12 84 79 83 44 
47 62 62 86 63 79 52 29 100 46 71 79 14 10 43 93 2 20 96 83 
39 8 13 39 52 88 9 28 93 73 51 84 77 70 74 14 63 86 45 92 
37 69 85 84 64 6 89 32 50 8 22 3 72 75 26 80 31 11 63 86 
78 69 66 29 95 80 22 22 13 76 81 80 48 30 12 27 34 86 70 45 
51 57 37 95 23 53 61 91 46 21 39 85 48 92 13 61 41 19 20 92 
16 23 13 70 70 41 100 66 72 85 96 64 78 93 87 26 83 92 72 76 
89 9 55 68 83 86 13 83 19 2 64 25 60 74 69 61 68 32 99 5 
79 18 90 30 35 70 87 77 75 63 41 13 96 6 43 65 86 7 77 63 
48 89 43 42 55 11 95 73 50 5 76 44 86 85 9 79 91 41 59 95 
20
41 25 14 30 21 32 96 41 47 66 20 34 63 15 48 2 8 31 9 31 
47 51 19 6 39 44 53 95 21 57 92 14 67 36 31 12 97 61 50 86 
52 3 87 83 93 99 91 13 11 50 57 99 33 25 63 45 8 6 80 28 
75 26 27 46 43 4 33 61 42 3 83 79 63 97 93 89 31 94 45 7 
8 14 78 28 25 15 16 32 21 20 72 56 96 97 73 29 30 99 60 53 
51 48 45 39 73 68 9 87 24 46 64 55 65 71 85 53 88 85 91 24 
72 70 92 40 10 29 22 93 56 51 88 16 50 81 2 32 3 49 21 99 
20 17 38 95 4 8 1 39 3 25 17 64 12 70 64 11 73 18 17 88 
46 93 23 17 68 7 97 59 76 86 95 73 26 19 10 25 74 16 17 55 
84 53 16 81 9 8 59 98 19 39 67 88 18 63 31 97 37 14 7 47 
8 65 94 67 16 87 86 61 83 2 78 51 98 25 44 99 88 51 92 10 
38 52 88 57 16 13 40 18 87 7 61 6 97 62 58 19 23 39 78 38 
22 2 50 77 64 62 39 63 31 62 91 1 83 20 24 2 83 3 45 13 
46 31 8 7 39 33 8 25 67 13 62 54 35 5 19 71 97 35 85 53 
94 25 81 96 22 15 79 38 38 84 77 71 79 19 90 55 87 97 4 79 
100 3 9 52 80 97 33 12 15 85 10 39 8 43 60 79 21 24 63 21 
39 2 46 84 48 11 74 80 35 11 55 99 44 30 54 45 29 74 52 35 
5 65 20 85 71 84 35 60 25 55 65 18 53 61 97 52 71 87 87 2 
55 57 77 3 23 72 76 33 50 13 34 46 26 53 26 48 50 48 74 76 
85 29 8 60 64 63 24 89 93 31 97 57 73 33 36 56 27 54 100 10 
20
61 97 7 93 5 57 23 50 62 58 94 84 33 66 26 61 47 53 51 82 
46 61 20 9 61 60 76 25 29 55 67 74 49 32 50 5 62 80 36 4 
66 56 45 59 67 1 67 35 69 73 25 14 26 40 34 58 22 8 21 9 
19 74 46 6 26 79 84 64 30 32 67 73 50 57 70 97 35 75 60 19 
48 81 23 42 38 85 45 9 33 96 92 53 7 3 16 100 58 2 49 44 
3 21 12 52 9 68 17 91 90 5 34 86 8 81 47 39 47 28 63 8 
24 48 44 83 38 95 8 98 24 10 5 25 5 7 62 56 64 22 59 16 
25 94 52 79 97 79 31 19 49 25 62 56 40 11 8 5 38 59 44 7 
57 51 64 33 20 75 100 84 95 54 67 23 51 83 86 5 10 60 25 79 
59 62 99 80 23 100 52 59 48 27 84 81 46 96 72 2 93 83 32 67 
57 34 27 31 42 77 16 4 54 46 95 19 43 48 73 77 40 17 25 68 
10 32 68 89 70 7 28 57 80 44 27 30 79 64 11 26 25 100 54 73 
43 61 77 22 14 45 6 94 85 55 48 86 12 76 32 95 18 51 92 19 
22 25 13 10 24 99 53 13 60 18 97 49 14 91 78 31 91 72 58 96 
44 27 50 14 13 56 3 23 22 90 76 41 21 57 3 32 14 46 11 83 
74 43 27 67 37 75 19 52 68 64 78 100 49 59 98 75 51 67 6 94 
41 2 53 86 69 83 50 40 81 50 44 81 58 94 23 99 39 45 72 32 
66 42 56 66 27 24 55 18 50 12 62 99 15 80 49 24 58 49 67 62 
58 40 70 68 49 96 72 41 60 69 84 80 53 42 59 43 34 61 94 58 
78 17 51 51 99 41 51 48 52 7 99 88 48 3 77 6 38 77 53 12 
20
79 23 78 1 85 60 66 14 36 68 64 80 28 81 89 12 54 70 96 95 
94 27 37 74 3 30 74 51 16 11 86 38 1 35 56 52 26 48 40 46 
15 19 28 87 17 16 38 33 56 83 65 69 36 13 28 15 11 3 15 54 
63 33 99 91 79 15 100 93 70 42 34 99 38 51 50 82 19 18 73 76 
5 96 98 28 72 76 32 5 69 12 97 31 77 65 38 12 93 99 92 85 
55 23 25 10 55 79 77 65 46 55 72 80 56 36 94 16 63 72 95 46 
7 70 74 60 22 3 18 35 11 9 92 84 52 5 17 31 66 75 25 46 
67 80 88 53 40 94 100 60 90 21 74 98 7 8 77 4 44 80 79 43 
60 84 29 36 13 27 67 9 16 95 63 81 76 54 74 25 95 16 22 9 
34 57 37 60 9 27 90 63 29 60 64 90 63 43 4 44 50 16 40 9 
79 89 62 66 28 51 90 6 52 43 25 62 79 67 84 11 14 28 31 35 
94 70 2 26 8 7 75 36 85 38 76 57 67 5 17 52 69 75 84 91 
9 30 39 15 5 85 69 72 54 48 98 46 94 16 87 31 48 42 88 9 
1 47 78 42 91 49 60 92 81 18 23 91 5 44 91 8 86 77 99 65 
33 81 11 80 68 69 90 41 33 35 89 26 88 16 61 79 55 19 19 44 
47 72 60 85 99 26 14 30 50 81 83 18 79 89 43 52 5 9 99 13 
29 98 9 53 43 58 17 27 71 94 25 4 74 63 100 50 61 76 79 46 
32 36 61 73 83 61 25 36 98 28 47 90 88 92 13 76 20 60 48 68 
52 58 57 88 36 45 30 16 20 13 39 43 46 75 98 41 69 1 66 31 
21 35 6 18 46 30 63 46 1 3 25 1 93 82 75 14 24 82 42 59 
20
94 58 71 20 18 23 63 19 42 79 20 26 55 76 66 65 65 50 97 83 
84 72 43 24 28 89 85 7 79 69 5 79 15 34 5 19 83 14 86 41 
94 19 39 96 8 31 45 65 22 15 83 12 81 79 39 30 96 94 75 17 
12 36 48 64 65 92 25 12 88 61 49 14 81 29 84 45 68 95 73 68 
1 24 12 67 19 62 45 41 48 99 89 18 95 24 86 24 26 10 9 8 
51 1 40 92 87 33 68 34 93 99 42 80 13 21 49 49 10 22 58 100 
98 88 32 65 4 8 80 60 37 28 13 27 32 77 2 91 20 42 36 78 
92 37 46 95 61 92 62 38 75 89 58 87 74 8 60 49 26 29 9 1 
46 71 93 12 63 79 99 39 48 27 20 32 38 81 79 26 12 3 17 26 
63 19 77 56 9 2 68 55 87 9 78 70 94 4 97 59 91 40 47 18 
93 60 82 92 34 67 43 88 45 35 38 92 62 60 94 38 28 94 99 99 
54 93 23 70 96 78 68 20 79 37 68 46 15 95 34 16 39 62 10 50 
51 85 28 21 88 4 92 25 46 52 72 12 11 23 60 7 42 5 43 91 
71 31 86 69 41 45 25 79 38 9 73 17 82 44 96 51 18 96 46 42 
15 20 35 18 3 60 83 59 4 71 92 25 76 97 12 78 18 19 98 66 
62 36 30 35 100 20 52 34 82 67 44 63 81 76 30 42 39 52 95 92 
48 91 53 76 9 26 47 46 39 90 33 81 7 78 33 44 22 88 48 29 
96 100 38 67 53 58 25 20 32 28 10 47 17 1 91 54 57 20 66 47 
26 29 48 26 53 30 79 65 7 50 99 72 13 85 34 100 19 35 60 15 
49 89 67 99 96 29 80 17 81 61 92 37 38 90 73 75 58 25 100 34 
20
86 54 39 66 78 36 52 56 3 50 19 42 91 24 47 86 39 97 2 36 
53 87 93 27 82 47 8 4 50 65 62 41 2 15 5 31 87 87 11 24 
94 75 66 65 54 16 19 47 93 51 30 5 36 86 10 91 38 100 20 96 
2 14 81 89 30 53 65 54 39 34 67 22 12 75 78 72 37 52 26 16 
62 24 14 56 16 23 82 33 85 9 95 92 11 51 4 36 68 83 51 26 
77 69 54 94 90 29 3 35 61 42 98 94 35 54 74 38 12 24 36 37 
95 74 67 98 2 70 27 62 34 51 43 41 86 29 23 55 63 20 68 1 
18 62 20 96 30 20 59 34 19 37 12 99 71 93 5 50 72 38 9 53 
86 44 22 12 94 81 43 22 46 80 2 84 87 87 79 3 7 61 4 53 
100 67 8 62 9 76 84 28 22 90 58 6 70 44 17 56 4 36 43 54 
56 96 59 71 74 51 25 4 84 40 90 3 90 2 77 55 49 71 83 37 
89 62 2 1 69 58 34 78 21 34 32 22 51 91 49 86 25 100 30 97 
93 66 81 100 21 90 93 99 60 64 64 33 11 21 89 97 79 4 63 38 
60 47 34 56 42 19 63 37 57 89 87 40 18 89 17 54 30 7 2 44 
21 94 100 79 43 18 50 68 47 11 65 89 52 24 60 35 4 89 59 37 
96 45 50 90 64 69 60 13 37 70 96 87 30 45 6 79 86 46 39 3 
85 50 11 98 54 5 20 38 20 96 9 35 14 2 86 32 4 51 22 36 
9 79 79 56 42 86 7 1 46 89 68 28 10 48 12 96 4 44 99 58 
5 14 15 46 45 42 69 63 76 41 1 19 14 100 68 31 71 44 23 82 
98 51 20 36 68 57 94 100 69 78 22 60 91 39 3 49 37 38 92 87 
20
6 34 30 43 94 77 95 8 81 81 42 56 27 24 75 91 94 27 53 94 
1 82 3 97 94 15 91 96 8 68 99 98 87 77 50 28 95 44 84 87 
23 4 64 76 44 42 99 90 32 99 18 16 59 81 80 73 89 100 84 52 
89 29 57 40 86 68 86 44 46 68 53 94 11 11 46 21 67 76 92 59 
77 20 64 15 78 98 94 18 19 97 54 52 46 42 55 99 72 52 73 44 
62 69 3 41 28 46 5 39 3 56 32 59 10 99 64 79 75 38 18 20 
59 97 100 93 27 64 51 20 93 26 70 61 55 1 32 33 82 61 9 27 
60 89 9 46 45 62 10 12 36 21 78 68 61 94 28 48 6 38 60 67 
97 43 24 79 48 30 20 5 5 41 42 19 84 77 58 4 40 8 15 28 
1 2 68 88 25 17 75 18 83 5 49 6 41 44 100 74 4 38 48 72 
20 95 30 3 12 71 28 8 30 10 81 2 12 27 90 19 76 98 56 6 
95 70 44 68 27 68 46 97 68 68 16 48 6 79 73 9 14 22 86 68 
63 37 51 29 51 62 36 94 6 33 74 66 46 51 99 47 78 52 8 82 
70 73 24 43 82 96 46 19 96 55 7 47 47 10 67 78 96 36 75 60 
28 79 52 27 74 43 35 4 38 25 5 72 65 58 88 65 66 29 97 43 
36 9 40 88 49 28 84 88 60 72 9 95 18 73 85 26 38 97 40 45 
64 44 97 54 30 23 59 76 8 49 72 29 32 79 42 73 17 19 100 75 
28 54 97 23 31 51 6 54 51 91 3 39 50 13 32 2 24 49 49 20 
71 50 100 72 85 35 37 9 73 87 1 13 92 5 72 25 80 42 24 16 
60 2 67 77 65 15 54 48 80 93 31 37 27 21 89 92 51 19 85 53 
20
76 55 68 92 32 65 40 34 79 99 74 22 6 9 53 26 13 81 95 34 
11 75 41 7 14 45 72 78 39 21 60 88 2 16 82 48 63 6 40 70 
86 67 48 81 2 42 29 24 32 41 42 60 18 95 87 33 67 32 6 64 
57 5 88 88 36 46 8 45 1 50 56 52 6 29 71 10 32 81 48 84 
38 71 82 78 5 99 24 91 68 47 49 39 31 97 2 83 73 42 60 26 
32 53 96 71 42 72 87 45 47 30 88 31 96 29 12 2 25 26 88 100 
24 15 78 54 20 57 33 36 36 28 71 45 3 44 37 94 11 83 99 36 
59 34 66 47 11 44 53 46 64 16 23 27 45 9 78 1 27 98 20 98 
12 33 86 39 59 59 81 28 100 100 40 49 16 81 59 53 6 77 57 21 
32 27 77 75 36 99 48 54 30 39 75 83 91 12 6 46 24 88 35 97 
30 25 59 65 79 45 2 62 68 89 71 22 17 29 37 74 17 33 78 53 
22 92 73 64 29 57 46 89 13 99 1 29 70 76 64 83 56 16 56 100 
59 3 11 100 19 75 79 25 30 89 100 94 88 35 32 60 6 49 82 56 
36 81 95 85 96 93 19 66 97 20 45 47 36 23 98 7 59 99 54 80 
46 83 15 10 22 11 27 70 18 40 81 31 85 67 76 50 32 26 59 84 
97 95 28 93 29 4 10 10 60 12 32 91 39 5 57 54 6 65 13 26 
73 48 79 8 21 20 15 25 53 12 31 86 32 92 53 77 38 83 77 83 
78 12 5 82 79 37 78 38 8 50 75 39 36 24 95 74 18 69 92 30 
15 92 21 40 19 26 59 71 64 2 26 8 39 43 27 4 59 4 89 54 
61 18 42 46 47 91 59 21 73 15 86 99 80 21 24 94 63 85 34 65 
20
96 49 91 42 17 73 2 64 27 61 4 80 88 78 35 61 42 59 69 42 
30 75 74 87 67 42 40 53 62 32 14 78 58 1 76 62 85 38 42 34 
2 4 23 94 89 92 74 7 11 22 91 33 70 23 30 72 18 28 14 92 
68 22 88 17 76 93 14 54 45 93 65 11 76 64 80 50 75 14 84 74 
22 66 17 71 19 14 38 48 100 14 61 94 17 10 42 55 46 13 21 43 
18 14 22 91 18 22 6 9 39 76 6 98 47 91 49 92 68 64 58 23 
48 9 23 67 14 78 29 2 49 34 22 88 18 91 50 83 29 100 8 17 
98 43 50 16 46 2 57 92 68 80 89 18 43 75 60 30 97 63 19 57 
3 37 26 57 88 37 62 44 28 35 6 89 41 57 90 92 22 87 87 77 
32 24 97 53 61 23 2 49 83 53 51 90 12 6 29 42 55 6 10 27 
9 89 55 39 1 19 87 41 34 67 49 33 3 15 26 82 98 34 42 92 
46 75 60 74 100 38 35 69 51 2 11 65 11 14 40 91 53 72 88 48 
27 87 75 62 56 6 33 86 16 4 99 21 46 61 17 30 25 88 47 29 
14 17 22 78 25 16 71 72 80 87 11 96 46 14 21 96 28 95 84 88 
68 7 36 84 91 22 71 10 13 40 80 44 72 55 82 66 23 9 78 42 
86 34 65 25 54 53 25 33 80 80 58 80 49 39 20 38 98 96 13 80 
20 4 80 19 41 98 49 36 3 30 89 11 90 62 39 17 100 60 89 2 
78 99 82 59 73 86 41 91 26 99 42 44 100 84 99 23 41 95 70 42 
5 86 31 31 54 3 24 46 36 62 11 72 55 4 61 84 28 83 12 4 
71 32 13 55 91 61 60 35 13 54 65 79 11 100 18 9 76 41 40 16 
20
40 74 6 9 14 34 8 55 76 36 49 93 61 59 55 2 72 43 34 95 
65 75 21 48 82 44 100 78 40 55 41 26 84 21 95 10 85 30 2 82 
1 32 90 11 79 24 92 52 32 73 40 95 99 6 38 47 16 63 67 54 
22 46 65 42 10 98 75 8 21 32 11 21 5 97 66 8 23 17 45 48 
45 19 59 72 30 58 2 68 52 1 98 79 77 37 92 93 78 6 84 29 
70 31 61 65 94 64 34 38 88 53 12 35 55 71 34 49 71 84 70 56 
90 76 47 35 74 82 34 53 35 10 78 4 16 83 16 72 10 81 13 9 
56 73 94 9 15 19 98 56 8 8 23 34 9 97 44 18 76 94 62 27 
50 67 54 62 96 86 20 89 59 46 71 3 88 96 48 75 79 12 73 79 
31 24 77 12 41 46 57 89 87 32 8 68 1 38 27 13 8 67 83 27 
96 41 3 57 9 89 27 60 63 25 36 83 41 87 50 69 52 93 36 66 
81 99 31 100 33 15 2 29 19 38 33 18 17 72 70 89 90 77 63 32 
93 83 9 27 48 88 51 100 69 12 1 81 18 61 7 52 59 27 23 1 
71 70 50 42 91 77 77 81 27 57 66 48 100 4 84 87 35 11 71 63 
92 16 100 67 95 19 31 1 59 12 92 28 44 54 29 68 33 91 24 71 
61 37 5 33 73 76 81 13 38 35 85 24 62 71 1 17 6 4 30 4 
10 74 47 76 63 60 71 32 76 15 75 46 74 96 67 96 57 13 73 3 
76 64 84 58 26 8 15 90 31 62 68 54 58 20 15 88 7 81 54 46 
40 74 60 97 34 78 41 90 14 70 62 65 27 56 79 88 40 2 35 20 
62 48 41 98 25 49 95 3 100 96 99 35 20 84 72 51 3 88 31 45 
20
13 58 19 76 47 64 82 26 63 64 100 65 38 5 99 25 10 67 31 8 
100 68 78 75 10 44 66 49 3 12 37 77 51 5 62 85 73 89 24 23 
18 42 51 56 14 40 2 77 29 34 60 90 51 65 68 62 41 52 66 65 
97 19 87 44 18 51 5 83 9 6 29 31 53 80 98 42 1 47 1 41 
94 72 49 89 55 44 88 90 52 90 99 33 12 42 45 64 87 49 63 34 
97 41 97 65 92 78 84 91 47 63 100 11 42 13 94 99 95 5 2 45 
73 53 22 32 2 27 1 83 14 73 88 72 10 93 95 34 5 27 57 22 
97 97 41 52 74 11 79 50 49 32 40 55 55 32 89 21 48 30 23 49 
3 42 94 99 45 86 46 28 60 56 92 10 31 4 49 36 87 21 84 50 
94 79 87 77 2 73 81 7 93 67 14 90 71 3 87 92 32 38 29 23 
99 64 60 89 12 76 27 32 43 59 62 74 61 79 30 53 61 2 74 20 
10 88 8 89 1 6 29 8 46 83 70 65 89 69 5 1 80 18 46 30 
6 89 23 58 16 72 45 66 15 82 70 70 80 63 80 62 75 65 38 50 
86 77 84 26 85 67 69 30 14 42 38 11 60 86 39 54 25 87 5 96 
91 5 9 10 87 24 21 53 67 66 95 42 24 98 19 94 61 65 71 18 
82 86 30 78 76 97 12 65 23 37 36 77 70 61 13 81 70 2 54 74 
91 31 53 69 64 65 99 34 94 5 36 92 32 44 71 27 66 91 85 82 
62 79 96 100 44 4 70 82 93 51 20 27 60 60 90 7 90 6 86 92 
75 21 44 100 72 82 45 79 8 57 47 96 81 35 46 22 65 86 5 65 
62 47 13 22 69 31 2 99 89 73 44 78 79 43 31 100 42 44 71 54 
20
65 85 64 10 3 36 20 53 10 8 28 51 88 70 70 52 13 57 6 18 
13 25 59 43 21 11 7 25 73 22 89 30 34 52 69 37 46 77 92 62 
90 84 67 40 56 86 76 44 5 24 82 28 2 18 90 83 24 74 69 74 
92 86 36 20 62 25 73 72 99 25 100 4 78 20 34 68 99 50 53 91 
99 38 71 53 9 73 52 28 62 66 96 59 14 68 12 94 51 32 18 17 
56 29 87 45 26 57 48 16 82 54 44 97 45 74 54 47 59 51 56 100 
87 7 66 46 38 43 57 72 88 21 48 39 77 15 3 10 74 34 2 25 
72 13 4 76 95 36 38 10 29 17 67 39 47 48 99 32 98 39 26 28 
46 8 88 100 84 71 68 26 57 17 56 67 72 85 23 52 12 92 98 35 
52 68 81 10 58 60 77 82 16 42 42 41 85 95 95 52 87 96 23 43 
95 2 8 81 15 6 42 71 22 85 46 32 39 26 87 86 29 50 54 33 
76 58 32 22 87 85 90 61 36 70 96 97 85 7 97 11 12 74 82 100 
88 42 69 76 16 36 32 58 62 70 15 14 62 26 68 41 89 43 63 66 
12 65 24 79 8 57 53 19 19 64 77 96 76 38 38 6 24 37 73 69 
78 62 28 10 82 3 72 2 23 56 62 23 42 69 7 51 57 57 78 34 
58 35 72 84 27 78 78 68 93 48 97 63 10 63 51 48 86 96 25 39 
92 32 92 6 57 35 69 93 98 21 50 57 84 57 90 84 51 37 17 96 
46 81 92 77 93 74 92 41 14 56 21 97 7 7 22 64 10 55 21 63 
59 58 53 92 50 73 11 89 73 89 21 98 100 98 86 37 97 24 93 8 
27 58 10 38 36 86 74 84 99 82 68 98 56 46 63 38 74 77 63 24 
20
1 66 5 98 26 11 21 20 79 11 71 54 86 34 49 59 75 68 98 54 
65 90 31 43 98 83 93 46 1 40 3 72 2 39 66 35 17 1 41 80 
22 62 30 11 10 17 70 60 32 94 40 55 42 56 60 54 60 31 25 23 
38 25 36 31 12 2 82 19 61 19 6 21 88 60 31 38 1 68 65 4 
74 22 43 40 14 38 94 24 64 37 41 20 16 51 47 35 50 23 90 21 
62 64 76 17 57 53 16 25 63 24 18 80 74 26 24 25 61 99 19 61 
7 7 75 43 13 83 19 64 8 63 64 58 45 79 55 72 68 7 73 49 
36 26 1 90 9 98 68 62 97 10 51 53 21 44 76 32 98 84 76 59 
36 58 27 26 48 15 64 25 36 9 28 47 85 8 5 2 10 27 50 71 
98 40 53 84 60 39 52 83 37 74 22 96 6 5 64 86 32 2 61 37 
20 33 4 44 76 58 14 97 30 23 79 10 1 52 2 13 18 23 45 55 
18 65 18 39 97 34 24 11 96 34 76 90 72 20 34 90 40 78 83 40 
34 34 13 91 11 98 99 65 63 5 1 32 77 90 72 96 54 66 50 29 
45 48 79 52 29 97 57 40 76 30 20 51 82 91 35 2 28 11 15 63 
74 59 96 95 31 7 19 46 68 39 26 18 14 57 43 45 5 63 18 90 
78 40 82 76 83 52 81 65 81 23 53 73 59 79 45 55 95 91 47 45 
93 13 85 29 17 5 38 100 67 76 33 9 60 75 30 13 80 31 83 43 
3 87 88 34 86 24 66 73 57 90 88 81 48 9 27 7 13 2 52 79 
79 5 31 64 68 24 7 52 51 25 14 17 43 50 25 58 79 96 41 18 
47 75 44 41 94 40 80 99 32 27 28 65 8 16 79 22 89 61 75 72 
20
70 6 28 85 45 57 23 52 95 11 30 57 49 87 42 38 25 64 16 48 
63 64 37 31 12 51 40 81 58 10 79 86 25 26 73 65 15 58 55 44 
5 85 80 90 40 70 92 52 16 12 33 56 24 75 47 82 11 82 84 30 
79 28 76 7 4 98 7 50 54 3 97 57 50 80 35 59 94 21 12 9 
17 42 64 46 1 58 80 30 61 76 12 17 7 74 67 41 91 72 52 17 
25 30 31 74 91 40 84 16 71 31 42 50 30 83 92 3 4 20 15 73 
57 44 77 27 22 91 29 72 74 34 10 38 60 2 10 17 36 38 95 23 
34 48 76 31 2 8 64 100 16 64 77 20 45 88 9 16 23 32 97 81 
10 34 62 69 84 51 2 85 63 28 25 35 10 82 60 59 66 69 73 27 
69 58 68 24 42 55 38 93 38 81 97 92 28 22 21 36 94 29 21 87 
63 25 38 26 47 32 67 82 36 87 20 94 79 9 42 63 4 41 48 34 
60 85 87 64 59 84 61 94 7 11 61 30 56 33 36 46 71 66 67 20 
66 41 2 32 30 95 24 16 26 26 46 57 80 4 93 13 27 11 94 28 
46 24 22 6 75 60 84 100 72 44 31 77 79 52 81 8 21 36 82 11 
72 56 100 20 23 19 44 65 77 89 48 97 31 78 94 26 38 79 68 33 
68 37 28 66 87 60 62 80 35 24 49 17 52 67 2 82 72 74 51 51 
98 61 26 95 81 66 34 65 41 45 46 97 80 30 86 69 53 19 19 44 
43 16 7 56 58 5 70 90 89 41 64 17 30 19 44 65 95 36 71 76 
35 94 51 87 89 23 87 72 1 40 75 98 23 45 15 67 5 34 66 20 
89 98 49 18 4 12 60 21 12 41 77 90 98 53 62 45 1 47 65 24 
20
4 5 47 9 85 42 67 40 15 32 20 42 46 15 81 69 26 58 8 36 
26 18 98 59 79 95 95 20 26 80 10 52 72 44 54 31 1 31 85 87 
36 94 78 97 15 40 34 28 21 41 63 35 91 45 90 97 52 58 100 34 
2 21 97 74 54 57 20 3 31 43 29 37 53 16 39 11 70 40 89 18 
26 27 78 63 75 64 55 39 47 67 71 48 53 43 92 59 4 73 22 65 
59 69 25 79 91 72 63 68 91 77 75 1 41 50 47 75 41 6 2 88 
17 82 40 41 1 32 97 64 28 46 63 55 56 75 4 41 21 41 5 37 
32 47 13 17 21 44 64 14 38 4 71 60 93 30 14 78 2 6 43 43 
74 75 44 96 76 82 79 47 32 79 30 50 24 16 81 14 14 24 54 97 
45 50 53 98 72 70 86 25 6 2 93 93 92 70 20 18 57 16 72 35 
81 92 5 55 97 61 5 70 3 42 92 61 11 22 16 68 27 100 88 19 
16 4 48 54 93 100 91 35 15 6 17 77 1 31 38 99 60 45 39 62 
70 69 50 90 61 60 47 66 42 59 44 29 42 25 58 57 35 15 19 55 
54 42 87 86 8 30 19 30 18 67 70 35 6 98 52 60 79 9 10 72 
9 51 58 68 6 5 72 20 61 47 37 39 53 100 38 48 74 47 5 97 
59 22 6 45 72 22 41 6 61 12 57 95 29 83 97 44 98 2 41 6 
58 46 76 46 23 62 17 81 25 11 85 42 76 79 76 40 86 25 6 54 
82 78 20 81 29 98 43 34 35 48 90 7 40 39 6 78 75 44 9 98 
24 46 90 94 98 81 24 3 35 6 23 13 2 99 40 23 31 94 54 73 
84 48 22 64 14 31 72 31 65 21 47 90 58 48 32 12 89 38 86 92 
20
36 60 26 50 66 61 63 98 62 7 25 81 12 17 25 86 37 18 86 75 
92 61 47 60 98 98 96 65 76 45 32 94 87 72 15 76 23 39 65 47 
13 17 86 38 24 2 57 73 57 52 23 5 10 64 47 82 45 84 99 42 
37 72 31 87 6 52 71 42 37 85 25 73 8 100 53 91 71 10 90 90 
48 8 87 93 62 22 60 23 20 13 84 33 20 9 31 46 87 71 74 53 
16 25 59 11 82 12 4 3 95 61 33 3 69 11 46 98 22 82 67 11 
24 61 56 62 4 74 42 29 94 5 47 48 71 18 79 79 44 11 70 34 
71 10 1 92 30 25 25 60 91 45 64 23 26 95 3 7 73 83 83 22 
30 99 6 99 28 11 34 56 22 20 65 77 41 61 98 93 12 5 79 64 
78 86 37 71 82 46 95 1 84 39 46 96 74 11 72 59 81 41 3 6 
1 41 54 45 44 56 18 70 66 65 83 67 13 54 60 86 77 10 58 100 
67 35 21 86 58 85 81 20 53 71 79 6 74 91 65 11 62 30 9 38 
10 25 84 94 3 95 65 60 63 67 61 6 27 64 33 49 24 88 12 55 
22 39 86 81 97 30 3 46 61 30 74 89 55 87 48 69 84 18 44 80 
80 4 72 53 92 82 91 42 78 11 61 10 49 75 9 56 60 57 82 74 
87 21 14 31 37 55 98 60 96 72 100 24 84 15 32 17 38 75 44 40 
12 50 18 38 81 61 59 61 69 100 3 28 83 6 71 22 72 16 51 3 
88 7 53 55 96 21 95 81 76 78 66 88 38 38 69 75 46 99 24 79 
5 96 79 54 55 27 94 6 100 98 11 7 35 52 43 20 86 42 96 23 
98 47 84 42 91 25 20 30 75 89 72 19 10 18 65 61 43 97 1 59 
20
95 28 40 72 16 15 47 14 9 90 31 57 85 8 28 12 47 44 77 2 
40 98 15 63 30 32 86 62 41 31 32 12 44 15 68 80 15 77 80 17 
21 74 38 77 33 16 83 92 78 8 20 40 75 22 20 31 82 61 36 60 
94 12 62 23 80 57 23 69 48 48 33 100 79 58 59 56 42 39 34 55 
60 71 22 100 84 87 96 32 71 45 81 57 65 11 90 99 48 31 99 56 
40 98 46 18 50 95 79 45 27 74 59 52 25 39 76 1 85 24 5 95 
7 1 13 56 93 91 36 82 85 11 73 60 87 6 65 17 86 48 17 46 
90 84 16 87 53 44 29 24 48 65 91 30 17 50 55 43 31 25 70 56 
92 13 8 20 41 22 43 90 14 53 14 19 53 82 46 13 37 22 69 29 
81 35 33 87 91 16 29 68 28 13 56 71 52 33 90 18 53 82 90 95 
68 82 63 94 94 34 50 18 91 16 97 43 54 57 8 89 97 41 72 78 
95 49 87 91 77 1 1 32 35 4 44 33 59 83 56 62 65 92 40 97 
62 46 69 85 10 5 33 22 76 71 52 60 99 55 98 28 62 31 91 30 
79 18 99 86 82 53 100 47 98 8 63 69 68 81 97 6 29 90 67 23 
93 2 52 100 22 31 11 37 20 25 42 32 84 55 79 18 21 72 12 58 
54 59 79 55 94 71 19 53 58 16 93 59 31 4 37 51 85 62 5 40 
9 49 61 55 13 26 42 28 98 92 37 38 72 19 49 28 60 55 21 61 
9 74 19 67 60 23 50 24 54 3 22 51 72 8 90 50 4 47 73 74 
17 31 13 10 61 95 44 71 100 40 53 4 44 70 13 57 86 71 11 99 
77 53 84 91 47 14 70 14 78 99 61 60 80 52 91 86 3 36 66 46 
20
18 76 68 50 32 78 26 52 52 29 64 9 57 63 77 20 5 4 65 50 
34 15 100 46 52 46 88 41 71 89 61 92 45 99 59 23 62 98 41 21 
78 60 10 11 50 59 83 46 27 19 52 24 40 19 24 28 93 28 60 47 
43 60 89 12 38 57 83 20 45 40 51 77 86 79 69 77 13 29 58 77 
96 72 68 60 97 34 85 42 88 66 33 59 54 74 23 4 82 80 32 42 
98 8 88 40 29 61 90 23 73 53 16 88 12 45 87 100 47 56 90 75 
55 55 6 45 18 76 40 59 43 18 40 88 28 47 21 65 65 77 72 90 
44 80 85 34 66 92 54 31 100 30 2 17 61 41 71 71 76 3 90 84 
70 6 27 11 100 26 72 73 85 18 48 3 30 74 99 10 80 90 78 92 
38 69 61 67 2 7 41 57 87 37 21 12 84 9 85 23 77 48 12 15 
82 94 97 27 72 73 21 31 80 66 73 91 57 71 39 16 43 47 38 91 
21 26 71 39 69 67 32 46 39 72 89 35 1 82 67 40 96 24 54 45 
84 75 23 74 92 53 22 94 34 66 38 17 7 13 75 85 39 63 9 30 
18 70 51 35 52 60 47 41 82 79 8 29 24 41 68 21 44 100 4 61 
15 91 42 5 83 93 6 28 16 22 52 40 23 64 38 64 6 15 95 96 
84 65 51 78 25 20 96 22 93 32 82 72 100 15 51 54 78 29 67 71 
69 18 85 78 73 22 24 89 97 75 20 18 32 89 19 15 10 62 94 77 
25 61 45 29 41 75 77 85 40 20 78 53 27 67 84 45 32 71 15 87 
46 46 15 37 82 11 78 48 25 22 40 61 78 35 69 72 92 15 92 81 
67 17 33 19 58 58 44 44 8 14 15 95 49 46 14 51 17 30 82 24 
20
85 20 57 95 4 30 82 84 71 34 53 85 56 69 60 37 40 65 26 52 
81 65 53 62 60 48 37 51 5 76 89 82 19 52 26 60 65 93 74 49 
85 45 65 49 73 97 28 32 14 77 23 80 80 75 31 5 83 45 29 23 
6 38 2 46 83 55 19 55 20 80 86 10 57 69 74 40 80 30 62 39 
39 26 43 97 63 88 63 40 32 40 83 11 31 40 100 48 94 85 68 99 
50 99 95 59 62 31 100 27 65 76 56 37 33 4 73 52 62 54 44 47 
79 94 59 80 57 69 41 77 43 86 20 85 39 82 3 42 45 80 59 85 
75 14 55 23 29 34 47 62 79 90 76 27 68 39 44 91 52 4 60 92 
91 16 43 28 100 25 7 81 15 1 97 10 74 79 66 8 48 55 75 81 
62 97 32 84 19 87 49 44 95 22 71 38 80 45 44 5 22 16 37 52 
71 55 41 95 19 23 75 50 99 22 51 57 37 33 6 22 47 63 2 5 
76 61 100 30 21 23 86 62 30 92 99 74 4 22 74 44 93 31 41 16 
79 39 63 66 93 40 17 3 18 85 97 23 33 60 55 42 12 94 15 76 
67 64 71 90 77 45 57 3 74 5 48 93 91 37 73 58 66 38 16 87 
20 16 96 98 1 33 11 5 73 42 27 62 7 50 94 4 75 14 5 79 
39 17 65 84 39 24 14 11 22 74 93 36 4 6 95 100 84 64 76 33 
41 22 86 91 26 44 70 31 20 17 95 77 11 10 10 80 55 82 98 92 
26 34 18 34 59 43 20 21 12 42 54 8 37 28 36 36 83 67 35 70 
84 87 5 89 7 75 35 40 45 1 99 1 100 37 74 98 21 63 9 23 
15 70 90 18 64 23 69 16 44 5 71 53 81 18 67 49 86 68 43 80 
20
85 72 54 71 92 74 50 65 87 79 96 56 35 11 61 28 56 28 45 86 
2 75 64 12 9 24 65 16 89 7 22 31 99 56 73 85 73 55 31 90 
45 92 66 61 81 21 75 93 39 26 23 20 16 24 68 73 16 30 47 27 
96 23 5 20 52 36 12 35 100 9 32 49 35 41 97 34 33 7 95 22 
13 52 6 18 79 96 28 55 13 48 47 96 87 20 50 99 42 31 41 67 
72 46 55 92 3 28 77 54 63 78 95 50 82 94 26 41 16 28 92 15 
59 33 45 67 96 28 54 47 4 68 85 100 64 90 64 78 42 69 70 73 
9 90 83 65 62 9 22 59 88 30 32 17 33 41 31 11 6 93 33 43 
19 32 87 58 67 71 31 62 47 7 19 95 46 85 4 92 85 82 29 40 
47 63 26 98 15 1 77 59 18 16 37 74 80 68 45 57 54 86 56 31 
67 59 49 84 59 35 68 88 26 62 86 7 58 57 53 14 36 4 65 42 
39 89 60 78 36 27 82 17 84 60 32 13 35 61 90 74 31 91 24 32 
7 70 36 78 71 47 16 32 9 88 51 12 40 25 98 27 42 72 40 70 
96 62 42 69 63 97 100 67 55 26 9 59 80 81 57 23 28 14 63 2 
28 45 37 18 56 46 81 42 56 11 48 100 82 8 71 57 39 97 12 83 
47 32 81 16 3 11 47 9 30 47 36 79 93 67 9 37 94 18 46 11 
92 100 42 37 35 64 25 28 2 75 77 38 82 39 12 14 77 49 2 27 
7 12 73 43 66 71 70 84 77 93 80 39 90 55 67 56 73 95 43 85 
74 24 19 68 31 51 76 4 26 12 8 43 51 36 32 35 62 37 12 98 
47 37 37 65 17 71 33 78 85 48 24 51 48 31 9 46 24 75 6 35 
20
56 88 84 15 92 61 18 77 42 22 94 78 15 76 35 91 87 39 28 19 
62 53 83 50 36 93 91 72 100 53 3 68 7 59 21 5 31 74 1 42 
92 64 7 20 90 9 87 33 78 93 69 1 84 41 78 11 69 20 59 79 
66 32 43 48 83 72 28 82 71 88 8 89 34 57 6 45 19 54 65 81 
31 65 29 20 5 68 33 69 30 19 33 99 57 10 82 68 3 47 25 37 
55 2 40 90 43 2 82 45 62 27 54 36 31 87 55 9 70 21 44 94 
35 57 85 54 52 59 96 47 38 91 75 81 30 35 4 77 78 71 35 8 
51 5 95 55 4 30 99 17 6 8 96 50 50 93 24 99 28 70 39 88 
23 45 1 40 100 71 35 77 33 21 22 78 93 36 73 65 100 11 41 58 
69 97 40 13 53 2 43 92 47 45 20 58 91 44 81 10 100 80 10 61 
4 81 91 8 62 51 38 62 83 96 62 74 31 74 66 46 79 18 13 46 
85 30 56 53 73 54 63 56 4 41 6 34 28 96 91 75 52 32 63 88 
93 71 87 72 65 82 82 84 74 65 63 58 2 51 68 92 33 77 93 95 
95 27 74 1 33 4 76 58 25 55 38 22 20 100 43 36 61 46 77 42 
96 99 49 93 64 60 97 22 70 37 2 60 92 34 76 64 6 37 72 54 
39 94 88 74 65 96 6 26 32 13 85 27 40 96 98 4 74 47 47 8 
2 69 82 100 91 40 41 81 81 52 69 15 10 1 98 12 77 74 12 94 
67 70 66 28 83 89 3 43 30 26 72 88 1 15 6 28 75 23 37 39 
3 52 25 16 84 68 65 86 11 68 51 66 10 97 29 42 99 68 66 61 
28 47 69 49 55 53 12 96 19 86 74 9 97 11 65 24 24 65 11 69 
20
38 36 89 32 65 10 100 36 32 36 2 31 54 100 22 73 32 56 3 28 
1 15 9 95 92 89 83 58 35 64 23 66 56 41 7 51 15 32 53 29 
36 16 4 35 83 78 98 27 51 59 86 9 72 77 81 96 9 22 51 40 
15 58 89 39 34 2 83 33 17 55 45 59 4 67 92 44 34 7 44 21 
91 94 86 62 43 67 41 78 52 48 53 36 23 81 52 54 34 19 39 73 
70 56 89 13 86 95 37 20 100 13 34 40 22 84 64 57 35 42 39 55 
18 9 81 49 47 21 95 9 16 23 39 22 74 33 60 42 94 7 13 53 
77 72 16 23 19 99 83 36 96 71 68 42 93 21 90 53 16 41 50 83 
65 92 78 9 82 26 50 10 61 18 52 11 94 66 7 8 99 11 35 40 
11 88 74 86 45 30 29 28 74 32 74 20 26 1 94 23 78 67 92 67 
43 14 26 84 61 19 98 23 13 59 81 67 56 91 14 14 74 84 4 30 
41 20 45 96 21 40 86 57 27 63 95 62 7 32 57 42 36 47 100 96 
90 92 51 17 67 90 95 75 77 52 28 64 7 13 36 16 41 37 18 30 
23 50 27 42 54 52 47 48 1 81 17 24 73 94 53 35 57 7 4 41 
22 4 22 83 3 100 72 1 39 16 11 85 95 75 74 40 14 95 33 94 
68 84 18 30 86 26 56 60 14 32 12 19 7 8 91 72 21 84 32 88 
61 74 81 97 57 40 69 15 13 26 4 94 84 48 28 14 93 27 43 3 
41 23 62 93 32 7 56 17 57 35 94 53 49 86 82 80 23 4 99 30 
16 79 39 44 63 95 63 41 31 3 21 73 18 37 85 83 93 27 49 32 
43 13 96 77 35 3 92 60 89 57 4 56 86 74 51 27 62 59 94 18 
20
45 78 80 64 62 7 32 16 48 54 40 91 52 70 54 61 17 74 26 12 
67 78 68 82 62 80 37 100 74 59 73 29 35 69 80 79 65 13 15 36 
81 89 40 50 5 80 57 22 78 59 32 41 67 20 94 75 81 18 17 53 
95 21 56 62 93 68 56 78 93 26 16 34 41 90 83 34 100 43 56 34 
31 12 64 96 35 53 61 53 40 65 96 96 76 37 92 22 32 91 89 76 
30 91 12 2 37 77 69 71 47 36 80 50 46 46 32 42 47 21 77 28 
67 65 64 65 2 95 26 88 18 98 29 82 28 58 82 5 72 20 48 77 
19 100 81 70 29 50 49 40 98 6 41 55 100 26 34 100 37 11 21 100 
84 64 65 99 11 70 16 38 43 94 10 24 23 28 54 51 58 85 22 73 
23 97 70 93 76 69 20 17 6 48 22 60 85 59 99 25 52 27 13 86 
62 13 93 1 17 1 31 91 62 48 29 59 44 88 87 41 24 61 69 27 
74 1 73 14 50 31 100 79 57 85 57 29 16 25 50 69 73 39 83 37 
18 85 27 30 50 91 48 81 91 24 54 21 85 30 29 73 7 5 90 39 
28 48 14 90 37 33 81 77 30 22 19 44 19 31 7 56 21 2 3 26 
38 70 55 87 80 73 75 92 82 73 86 48 7 99 62 2 90 32 63 69 
24 31 31 26 22 64 20 65 65 56 51 88 15 98 69 33 36 60 68 54 
93 24 14 64 3 51 78 63 69 50 78 76 70 7 95 58 35 3 70 46 
44 83 47 1 32 92 6 2 2 11 78 93 24 39 72 8 66 57 69 8 
46 1 17 55 6 58 95 2 19 51 75 52 69 77 27 15 13 91 18 68 
87 40 69 90 22 2 87 10 27 88 66 46 67 93 5 88 85 64 60 89 
20
77 41 24 7 89 49 91 26 73 85 7 80 71 97 37 22 63 69 93 62 
94 38 13 37 76 71 81 20 79 86 29 53 28 66 42 4 57 83 98 10 
96 21 59 10 23 73 16 5 32 54 89 77 77 60 59 21 71 40 46 9 
14 74 83 44 62 65 47 47 88 7 77 43 62 71 16 94 45 4 61 55 
39 75 35 34 2 49 53 29 100 84 57 18 78 83 60 97 99 93 4 19 
39 47 66 35 61 64 67 16 7 70 9 63 69 51 92 4 29 84 50 26 
20 5 3 94 70 58 97 73 85 84 80 20 44 57 46 43 58 88 50 75 
64 28 39 97 86 5 34 56 48 29 43 2 86 12 96 39 38 60 82 91 
32 27 31 83 42 91 81 73 10 27 94 19 50 40 6 31 52 75 41 47 
2 63 96 23 1 22 22 26 78 38 7 38 91 86 70 16 75 14 63 93 
15 53 15 60 97 30 48 73 93 53 98 25 14 44 36 22 88 2 64 95 
37 97 27 66 15 96 74 26 56 47 34 55 90 78 83 46 41 99 95 25 
67 3 44 50 93 97 69 99 46 53 78 36 25 41 86 9 61 100 49 10 
41 6 94 11 90 9 17 74 28 80 51 47 57 2 32 22 65 48 50 50 
84 95 39 85 55 2 70 35 37 52 45 33 5 77 17 80 36 8 65 78 
88 81 4 81 57 64 65 97 72 28 62 60 12 36 34 69 41 70 98 44 
59 48 1 96 36 22 94 56 46 33 92 72 1 92 86 48 70 9 60 81 
21 10 68 59 51 67 25 78 65 70 23 70 80 47 1 58 28 52 33 60 
9 37 73 27 81 78 68 92 67 46 11 62 28 32 36 68 8 64 21 68 
76 6 100 87 42 100 27 91 73 65 13 99 24 17 14 14 39 79 28 34 
20
78 21 46 80 1 31 95 66 31 80 64 67 22 13 13 27 64 7 84 75 
53 71 85 24 32 24 35 48 80 42 48 75 48 78 48 38 23 62 94 28 
83 41 2 95 85 61 59 58 72 78 53 50 97 75 15 34 18 8 47 28 
41 65 98 90 74 47 18 74 71 47 25 97 75 8 70 18 88 13 4 68 
26 95 14 44 91 61 96 88 58 54 86 85 86 31 19 23 62 92 18 98 
72 40 54 41 71 60 78 57 74 5 65 83 56 28 86 19 89 4 10 86 
9 70 80 87 33 22 68 80 83 71 15 88 4 11 60 83 54 21 32 35 
27 95 74 37 45 92 99 17 62 44 13 62 69 63 57 52 97 45 44 14 
51 49 84 34 62 81 88 1 56 39 50 91 55 23 59 39 93 14 48 56 
38 1 98 90 56 80 79 21 4 93 38 9 87 86 76 7 7 87 29 85 
68 10 20 97 15 41 91 35 96 45 18 68 47 73 80 99 18 43 12 49 
70 9 57 40 3 17 66 35 13 87 9 61 29 100 27 49 54 76 90 55 
38 61 17 71 74 32 68 46 55 57 53 56 76 84 50 32 28 16 49 99 
18 33 44 85 96 30 64 72 67 74 2 32 75 26 57 45 18 68 40 4 
96 21 39 11 29 48 68 78 13 68 42 62 56 57 55 81 55 6 46 50 
13 32 83 68 91 97 72 30 68 89 100 61 69 61 84 83 25 47 64 17 
37 100 27 71 73 29 73 90 13 45 60 64 99 54 68 72 96 91 99 46 
78 9 6 69 87 45 36 30 14 61 84 81 48 14 83 80 99 32 65 76 
38 92 93 29 1 1 68 6 4 22 82 76 4 2 13 10 1 33 69 82 
51 99 20 17 85 53 81 88 80 87 28 43 95 60 32 9 76 49 52 50 
20
8 66 96 89 86 27 6 17 49 62 87 88 46 86 65 28 77 74 91 100 
31 78 8 69 81 13 52 55 11 14 11 9 70 41 19 4 21 69 8 41 
6 45 97 74 6 82 35 91 1 51 45 52 70 23 11 50 38 9 65 99 
49 30 31 6 15 88 49 50 89 10 67 12 73 84 33 26 46 88 77 90 
16 6 39 16 36 80 79 75 45 63 94 6 93 60 6 64 1 84 29 38 
97 89 30 7 77 91 43 4 44 53 36 4 28 2 68 22 5 50 1 39 
18 62 42 85 31 52 9 31 55 39 1 100 94 31 92 46 35 55 32 68 
63 54 20 48 60 79 79 14 17 93 51 98 25 65 15 33 8 82 26 64 
62 30 86 32 89 17 98 25 26 4 24 25 72 83 67 39 56 80 94 65 
25 77 13 69 89 90 25 23 75 56 58 26 20 16 100 91 87 84 22 20 
5 30 17 74 46 86 26 28 8 94 19 32 14 46 59 42 2 43 83 61 
88 41 71 3 70 17 52 52 54 43 33 38 18 20 45 87 41 20 9 55 
7 49 25 100 26 12 48 20 14 33 40 53 16 3 25 2 70 18 32 15 
39 11 50 47 24 57 5 33 16 15 5 1 51 61 58 76 58 66 64 62 
85 82 43 3 1 19 34 90 40 14 7 43 87 62 38 60 11 23 15 42 
70 9 31 51 76 16 52 74 62 5 5 72 93 36 39 4 27 83 78 31 
17 85 73 92 66 20 44 69 37 46 87 10 70 52 25 46 86 60 81 58 
12 71 3 17 79 81 22 12 22 69 26 61 86 51 95 63 32 88 44 46 
30 91 59 12 7 20 10 67 30 74 56 98 78 77 53 99 75 85 32 52 
54 83 41 19 6 33 92 87 100 29 26 25 85 90 62 23 64 96 37 33 
20
61 28 37 81 46 35 84 86 10 3 2 88 76 74 18 73 44 88 71 60 
44 80 29 10 14 57 60 71 21 70 99 21 43 42 79 67 15 92 98 48 
66 64 81 31 73 16 3 73 66 26 45 27 12 67 44 31 84 8 30 100 
3 90 55 88 85 15 35 62 22 29 60 5 69 64 96 92 92 63 11 63 
76 47 1 91 55 26 38 65 86 23 32 64 16 14 61 9 1 74 85 89 
23 83 6 47 92 13 6 50 82 16 59 29 20 93 75 9 87 8 86 71 
74 72 32 7 90 52 32 31 10 35 50 10 19 16 15 50 60 95 44 40 
63 96 95 1 75 96 17 25 100 22 62 1 7 99 61 23 25 18 13 54 
70 62 15 41 78 1 96 58 89 26 45 89 97 46 57 80 11 55 87 8 
38 75 98 36 28 53 74 24 73 28 22 4 91 87 33 29 41 27 50 35 
91 69 85 20 44 81 92 93 50 8 67 78 62 19 50 4 96 51 5 33 
15 76 31 51 99 21 70 75 91 28 23 100 94 73 22 38 71 58 51 25 
42 38 70 3 18 29 37 66 99 43 52 26 37 63 95 52 81 50 84 27 
58 61 4 48 88 42 75 62 35 98 89 53 60 64 46 28 60 9 57 29 
69 71 69 52 21 58 34 10 9 95 16 59 26 3 87 43 72 98 34 91 
23 65 77 84 86 72 87 48 4 44 17 25 98 67 66 89 60 14 22 10 
26 74 14 86 73 61 21 23 61 10 22 20 48 90 72 90 50 16 9 9 
28 91 15 82 26 88 92 27 1 26 40 76 41 77 33 4 57 65 88 18 
41 94 67 23 42 34 41 46 58 96 98 84 84 51 76 51 57 94 82 85 
5 59 54 37 74 15 48 43 92 97 55 18 63 39 55 13 66 48 55 90 
20
39 10 65 15 88 45 100 33 70 35 38 59 100 41 50 15 47 4 89 50 
16 39 10 53 28 58 63 40 95 54 93 91 96 33 97 13 60 10 14 48 
69 58 5 23 84 57 74 34 8 33 72 79 86 79 68 65 68 89 58 58 
19 91 90 3 79 55 21 7 31 10 31 73 89 41 34 23 30 85 35 53 
82 17 8 63 58 76 82 55 81 54 49 56 23 52 8 90 17 2 45 76 
8 22 92 28 95 53 15 11 21 72 49 11 92 21 24 94 10 28 71 97 
37 61 14 56 55 55 22 88 28 70 22 67 99 93 100 14 60 66 98 56 
33 58 72 41 32 70 91 4 13 37 41 30 37 70 47 43 13 17 55 88 
63 74 62 14 56 32 10 94 69 77 60 97 67 52 22 11 9 11 57 70 
48 82 73 43 63 27 56 48 96 89 96 95 21 41 45 36 2 62 65 52 
36 16 62 59 41 64 1 96 17 42 75 17 12 23 19 54 59 22 67 45 
1 27 63 78 86 23 31 57 30 68 72 98 27 100 38 43 75 94 82 13 
72 53 41 95 68 18 15 74 48 15 81 56 29 86 77 59 1 17 48 68 
14 54 27 47 97 69 17 87 39 98 100 92 63 9 25 64 90 59 70 1 
22 23 64 79 68 49 98 50 80 98 57 16 4 43 65 31 6 85 81 55 
6 57 37 83 69 94 66 57 78 35 14 18 82 27 77 63 55 66 28 40 
81 10 6 43 26 6 38 87 39 15 2 21 87 93 79 59 32 71 96 2 
21 26 21 18 90 39 21 10 47 85 74 44 65 35 13 78 71 30 15 70 
82 32 66 9 29 44 29 75 74 51 20 86 2 21 74 30 34 31 39 57 
61 66 58 47 44 28 100 84 75 74 25 69 91 49 72 81 80 35 94 92 
20
62 61 65 63 70 47 98 60 85 30 72 91 66 96 75 39 23 40 27 23 
84 7 43 5 66 65 91 4 100 43 1 84 4 91 16 92 7 94 41 35 
45 85 51 29 23 81 98 53 21 16 28 40 41 86 28 24 53 33 54 44 
97 69 27 84 23 40 31 58 93 85 31 40 68 85 39 11 77 38 42 36 
47 27 19 59 28 23 87 68 46 17 75 84 4 9 77 96 65 85 91 38 
33 64 3 25 25 44 79 37 62 89 43 26 81 60 47 37 37 87 25 82 
38 79 99 57 83 45 71 54 58 20 65 11 85 79 17 17 99 13 48 29 
20 57 1 75 41 72 47 81 42 78 99 96 27 22 43 4 35 8 6 57 
9 33 8 44 75 75 1 39 88 99 32 12 27 3 6 21 100 51 55 79 
84 93 88 22 83 90 33 100 32 15 91 94 81 91 79 82 92 4 43 50 
61 47 79 7 94 12 85 37 57 90 78 88 94 71 64 25 21 57 1 20 
37 29 34 31 44 58 50 71 42 2 68 83 95 80 20 81 64 65 78 41 
39 37 97 26 64 44 92 8 34 45 23 36 91 95 15 16 80 96 17 7 
100 49 28 4 87 36 27 2 13 76 42 92 64 33 5 69 21 6 1 30 
9 31 42 3 45 23 28 77 23 5 46 20 92 3 9 20 59 46 92 87 
90 75 34 76 52 97 25 53 86 18 5 40 32 55 58 30 31 41 92 43 
61 10 4 65 62 56 85 96 51 94 18 48 62 35 43 60 63 96 55 29 
42 12 74 96 58 39 51 98 35 32 60 88 5 87 40 52 10 1 47 73 
99 15 85 34 35 42 97 97 84 44 5 81 35 34 69 20 2 41 19 2 
8 98 68 86 44 38 26 13 96 93 16 35 2 34 65 44 14 77 76 95 
20
48 17 72 23 89 90 96 5 37 4 58 19 2 99 94 30 8 55 37 74 
32 87 78 48 10 41 83 29 57 26 79 11 15 76 82 27 69 23 80 35 
90 63 37 2 24 80 51 39 44 53 55 35 7 72 87 31 5 10 61 80 
42 8 27 5 15 45 42 43 12 53 100 12 60 88 53 2 97 67 77 37 
83 5 65 11 12 65 86 64 42 100 78 50 26 50 88 24 55 91 25 65 
41 53 92 15 16 92 39 62 19 36 19 43 32 6 48 38 20 82 93 41 
37 65 22 66 88 34 39 40 50 36 35 84 14 77 74 79 81 70 86 68 
91 29 47 61 92 9 74 17 71 53 53 100 78 26 65 19 37 78 83 62 
4 77 72 3 58 30 46 49 32 56 98 42 94 14 89 50 42 85 20 91 
32 73 83 60 36 94 20 69 56 64 77 3 14 26 36 79 21 56 67 77 
78 95 82 24 20 93 86 97 57 1 91 70 28 65 47 32 5 69 45 38 
79 21 83 71 13 16 48 84 43 78 11 77 25 45 68 51 22 25 31 83 
47 76 10 49 84 11 29 9 14 60 58 90 73 45 13 31 67 20 44 24 
88 84 24 46 10 51 52 43 43 6 95 33 22 75 44 29 63 47 6 57 
39 92 62 61 21 80 99 78 15 45 61 32 90 92 95 69 48 86 2 12 
42 20 20 62 50 68 14 52 34 20 97 59 70 11 30 23 29 43 62 31 
77 84 63 3 17 13 19 42 85 75 72 98 98 83 1 48 10 34 89 38 
85 9 95 3 42 97 79 66 32 89 80 85 82 56 34 52 87 96 86 64 
63 42 74 36 55 25 8 95 22 42 41 1 42 57 19 24 23 91 83 52 
97 34 73 6 15 86 19 22 50 33 84 9 17 8 88 62 9 73 35 68 
20
13 81 54 79 84 13 42 34 86 16 87 43 53 44 76 19 53 18 46 1 
85 71 14 60 72 91 64 24 72 40 35 77 46 34 78 69 84 60 8 23 
29 84 96 65 61 28 89 10 11 73 73 20 73 7 47 99 61 68 19 40 
80 12 33 16 28 19 8 38 88 27 88 62 38 60 61 4 86 89 24 19 
37 73 24 57 36 66 1 22 99 4 25 52 74 75 41 85 98 18 94 71 
18 8 90 28 33 42 51 83 62 21 14 8 40 85 1 63 59 74 52 17 
96 38 27 33 9 7 24 45 48 59 14 50 27 5 70 67 84 1 36 49 
60 79 76 97 99 91 91 67 89 38 80 1 10 5 12 69 45 50 80 33 
55 69 27 56 83 68 12 66 20 52 31 13 25 82 68 79 69 55 30 31 
19 34 63 2 27 38 14 23 12 57 2 31 54 94 72 40 32 99 52 16 
100 60 98 76 29 2 85 65 29 33 69 16 67 32 27 35 49 62 53 10 
63 52 83 60 44 80 23 25 87 3 68 26 73 47 26 49 97 14 34 13 
82 78 39 29 11 45 73 68 66 55 37 31 5 6 77 55 35 19 63 13 
6 62 2 25 48 69 79 92 92 12 60 95 26 80 62 15 13 91 44 3 
66 94 43 30 17 95 5 66 35 53 26 45 30 34 70 61 18 27 65 44 
55 64 86 10 54 7 27 100 49 13 60 9 100 61 98 13 56 57 38 60 
43 15 97 13 91 32 34 62 29 43 34 36 100 40 86 89 11 99 89 75 
79 72 17 50 82 74 81 2 95 72 45 21 2 62 94 61 68 57 54 81 
24 68 84 7 8 12 28 52 92 36 78 63 12 72 31 38 71 42 79 65 
74 7 7 45 16 17 1 87 73 93 45 94 99 84 89 6 90 37 52 3 
20
60 69 12 52 35 29 98 50 67 70 50 59 4 3 39 76 97 84 59 54 
36 19 34 23 59 86 42 25 41 84 39 28 66 10 85 18 98 54 44 18 
45 4 63 33 50 64 20 79 42 73 91 3 53 74 97 48 51 28 12 57 
64 78 31 35 81 40 6 40 55 19 2 28 30 30 19 71 49 17 59 41 
53 26 44 53 31 76 26 59 42 2 69 15 66 67 99 74 67 52 43 45 
51 11 67 49 31 46 74 88 72 36 8 51 31 7 17 6 75 4 72 47 
79 93 7 84 64 88 18 73 20 73 49 48 92 58 53 63 86 54 17 24 
6 14 22 64 97 65 82 70 97 91 9 35 67 32 42 40 57 86 70 67 
67 15 84 46 61 98 77 93 2 39 97 98 80 65 93 63 70 37 74 30 
46 60 6 94 10 44 59 74 54 4 56 78 81 37 94 12 43 41 48 51 
92 17 6 28 50 88 31 84 4 23 19 23 41 98 63 75 36 46 19 41 
80 70 90 92 50 79 4 94 73 21 18 26 18 75 56 4 24 17 32 8 
49 79 97 78 54 7 89 92 54 30 77 10 60 98 99 88 14 67 39 22 
88 60 11 32 35 65 92 6 45 61 75 15 35 63 25 76 67 37 8 88 
25 72 80 76 40 22 67 60 32 62 71 98 70 47 20 55 12 83 10 43 
77 18 51 84 21 63 96 38 83 6 11 12 70 59 13 43 86 85 94 63 
12 80 30 78 89 1 97 88 41 59 40 47 63 42 47 98 38 29 100 64 
56 81 87 40 62 83 82 50 43 73 23 57 18 13 65 31 50 62 14 66 
35 77 28 66 56 60 73 97 63 33 80 75 29 8 22 84 92 25 53 67 
81 86 68 52 30 7 54 45 24 6 47 13 17 82 77 47 84 62 60 95 
20
72 84 63 14 8 67 83 25 41 35 3 19 11 81 95 51 67 55 77 36 
71 74 22 56 2 53 39 34 3 79 34 8 41 25 51 47 84 27 85 98 
88 84 15 37 79 67 11 43 21 35 77 36 12 54 86 67 51 11 80 3 
60 45 18 75 45 11 23 94 78 68 49 88 24 33 70 9 78 1 50 4 
87 57 84 7 70 66 64 1 43 56 8 77 84 18 26 59 70 57 55 29 
48 28 18 54 43 48 81 5 84 100 24 36 63 25 38 35 42 40 49 23 
14 21 33 35 62 78 35 45 68 78 54 9 52 81 65 24 21 92 67 61 
47 12 44 32 15 48 48 7 69 80 76 54 24 11 88 14 35 85 47 85 
14 65 72 100 43 41 39 96 68 49 33 96 13 13 13 48 4 76 64 43 
57 35 29 38 98 6 93 79 67 24 67 100 67 30 78 64 93 94 42 37 
85 30 60 46 94 83 23 97 13 81 62 36 48 12 51 89 50 51 23 85 
90 2 34 65 96 61 66 94 43 64 90 17 98 79 96 10 27 59 14 34 
37 48 22 8 93 11 38 48 39 58 21 67 44 89 52 10 36 19 100 12 
65 96 4 49 62 56 6 73 92 44 75 85 86 70 58 80 56 16 73 6 
58 78 4 82 37 68 35 45 99 45 41 81 64 13 55 98 96 34 78 75 
16 66 78 3 3 76 58 60 67 39 48 36 4 64 95 70 68 67 6 64 
22 99 38 63 8 37 65 66 53 60 87 67 54 50 22 90 96 27 20 16 
96 21 17 18 22 78 69 30 27 28 47 73 71 44 52 62 61 76 81 64 
49 46 25 47 57 85 8 75 46 3 82 82 42 78 7 70 65 33 86 10 
63 6 63 67 93 49 23 54 4 52 14 7 18 42 31 18 15 80 36 47 
20
59 75 75 26 38 98 46 22 18 60 2 49 73 57 44 68 81 98 68 77 
45 45 77 30 87 16 58 30 22 54 92 16 74 63 35 29 57 82 41 36 
38 51 93 45 72 73 74 29 65 17 87 70 68 50 74 79 1 92 73 2 
37 53 63 20 53 96 14 68 22 37 95 94 12 2 26 45 83 35 13 52 
81 44 55 85 71 5 75 62 76 76 1 7 35 21 30 18 14 5 83 27 
72 44 65 55 66 80 73 51 48 89 12 79 89 15 15 91 30 22 86 62 
86 49 76 10 44 28 63 56 45 49 23 49 4 9 55 28 67 95 46 56 
81 32 18 48 34 24 11 88 35 100 80 45 74 34 37 64 33 58 6 40 
100 85 75 44 19 69 96 21 9 37 46 27 3 25 86 42 91 72 51 29 
23 81 40 74 77 38 43 87 17 19 39 3 4 87 63 43 61 42 79 60 
84 96 52 32 30 87 62 27 43 72 82 28 45 40 86 13 12 54 92 44 
67 100 4 45 12 69 80 7 21 49 1 7 53 48 34 17 67 77 22 32 
31 11 48 48 46 100 93 12 67 90 54 10 45 41 40 8 19 76 57 33 
30 82 18 25 52 62 30 43 70 77 74 26 9 19 18 77 19 19 80 73 
53 30 74 54 88 99 39 95 58 26 26 81 3 66 43 84 28 78 18 62 
43 69 18 97 45 38 92 9 20 62 100 69 95 44 69 69 37 63 57 94 
100 30 39 70 2 70 43 31 37 10 37 22 87 92 34 87 49 52 4 22 
7 77 52 99 17 19 41 94 16 11 66 6 21 49 10 25 82 5 4 31 
35 13 99 85 24 78 97 14 93 83 27 17 39 73 24 83 21 49 37 37 
27 78 21 6 70 79 98 26 77 32 97 61 77 92 77 2 69 5 62 19 
20
14 24 19 10 63 90 100 73 24 94 4 27 33 90 84 61 41 66 92 70 
85 84 69 14 37 77 22 50 76 64 60 18 71 64 61 41 18 96 66 51 
37 26 16 62 94 62 62 99 82 52 71 46 92 2 88 58 60 14 33 14 
62 23 70 11 90 39 45 2 80 44 7 58 68 21 79 5 70 13 13 72 
3 19 40 100 4 55 76 3 63 68 8 36 84 39 42 16 90 76 81 36 
36 35 22 98 57 60 87 45 40 40 31 14 27 35 36 45 32 12 10 64 
39 88 49 58 5 11 98 43 12 34 100 2 62 18 78 13 11 27 17 66 
36 81 19 1 96 55 59 56 11 99 83 51 83 26 20 97 84 24 18 24 
48 33 80 38 70 57 43 1 84 28 23 23 66 35 96 21 75 4 82 95 
16 40 39 60 24 53 14 16 98 35 83 100 5 39 96 63 90 24 62 60 
19 41 83 72 9 45 26 66 25 9 8 70 89 64 29 44 14 80 33 45 
30 89 31 18 18 48 25 79 24 3 56 99 58 24 73 26 93 88 2 56 
72 24 2 6 21 62 1 72 75 62 62 38 29 70 46 25 31 80 57 69 
21 38 14 33 93 55 12 30 67 93 48 65 9 88 82 50 24 25 73 49 
42 69 37 41 3 4 30 22 22 27 94 64 97 49 34 62 72 1 31 53 
85 50 91 99 80 80 9 50 91 73 77 94 62 17 42 11 78 40 96 77 
72 81 94 54 97 14 33 70 62 5 85 69 82 85 21 68 36 66 65 33 
72 35 76 16 24 61 16 80 19 7 39 80 47 12 75 52 21 47 64 56 
65 17 3 22 28 42 48 91 94 61 70 62 30 59 77 21 32 19 17 22 
30 49 52 95 4 20 28 33 21 41 93 50 88 100 99 20 20 96 80 36 
20
43 96 100 89 7 74 60 73 77 22 85 77 66 96 49 88 6 100 86 22 
22 27 93 29 68 40 52 19 61 17 63 77 16 11 32 37 42 42 81 93 
98 80 71 5 50 83 87 59 52 65 17 84 64 20 77 58 45 81 18 40 
100 47 88 86 21 16 70 16 77 61 34 86 46 80 42 84 35 50 44 30 
63 48 79 64 7 24 23 70 25 87 63 89 44 67 43 30 76 84 59 8 
34 37 20 84 16 90 59 8 31 97 71 7 52 25 99 50 49 59 4 1 
72 18 93 43 87 31 98 94 70 26 32 2 98 2 48 95 10 39 57 89 
87 26 56 7 36 22 82 43 91 54 27 11 93 1 24 69 99 17 89 87 
62 46 3 46 78 3 45 9 28 8 17 98 48 54 14 30 58 52 76 90 
59 13 85 74 74 53 86 89 76 34 19 77 20 83 34 14 93 23 12 4 
96 32 1 91 37 50 6 54 16 76 60 9 27 98 28 1 32 42 80 93 
95 77 73 82 3 39 61 57 68 34 89 39 70 24 24 12 16 16 76 76 
29 71 19 28 73 52 41 15 52 7 87 34 37 87 92 81 60 67 31 80 
26 71 13 98 99 37 86 98 69 86 98 61 21 47 76 46 98 61 85 6 
61 10 61 26 75 41 45 27 89 96 97 27 32 73 95 17 61 41 28 40 
48 65 84 68 31 89 58 97 19 7 11 15 70 7 7 8 62 33 41 55 
9 16 67 82 84 83 39 9 78 67 22 18 13 16 3 16 32 13 78 18 
10 98 80 28 25 19 68 85 78 78 78 30 78 77 89 97 55 3 5 53 
89 32 2 23 10 1 50 38 80 70 2 26 13 43 15 22 35 36 70 25 
1 53 27 67 62 4 60 87 51 9 13 28 27 20 65 53 73 73 54 66 
20
9 43 66 60 62 76 76 22 36 69 55 26 49 41 73 47 94 79 23 86 
38 68 21 99 42 35 79 94 37 57 78 45 83 34 4 73 48 3 17 42 
71 71 47 84 10 71 60 16 79 51 39 53 42 20 63 8 76 5 25 70 
55 69 39 96 16 34 64 7 25 93 96 34 34 12 37 4 62 91 90 19 
31 93 50 75 91 26 80 66 42 39 62 51 59 78 76 10 11 18 1 81 
58 21 68 39 51 15 81 94 38 46 33 77 23 76 85 15 31 40 88 29 
95 28 90 38 99 20 35 62 20 95 81 27 79 4 71 63 62 33 46 71 
31 93 12 59 88 24 6 71 61 83 8 16 18 10 14 58 98 82 67 97 
46 37 18 26 1 23 49 80 59 52 50 61 56 49 58 8 26 32 33 29 
37 22 83 8 18 34 54 94 90 14 36 7 27 57 4 95 84 51 81 92 
57 49 80 75 91 50 90 18 86 95 75 28 74 45 94 100 96 66 26 14 
11 5 7 42 56 3 3 73 51 56 58 8 94 65 31 9 66 44 45 3 
74 61 16 63 25 74 83 80 22 3 19 31 72 7 30 53 96 63 37 99 
44 92 34 14 95 9 100 15 37 85 67 40 32 42 82 31 56 58 22 19 
58 69 18 62 12 27 54 19 29 98 48 18 83 6 2 41 50 67 30 40 
12 7 91 4 96 60 85 51 58 49 95 76 55 46 48 40 65 52 96 59 
58 48 42 36 30 88 74 88 50 17 75 24 6 94 22 26 59 71 82 99 
69 60 49 8 61 81 3 10 67 25 62 35 10 8 58 53 99 65 33 30 
75 38 19 71 19 43 84 44 87 35 39 96 93 51 96 20 83 71 99 33 
15 47 25 14 67 6 67 38 36 31 58 34 64 66 78 2 69 73 38 2 
20
56 13 67 24 36 3 47 8 66 86 53 95 84 67 36 99 86 62 34 1 
22 70 97 21 88 11 3 75 30 69 59 32 40 82 64 40 32 87 11 93 
98 47 97 39 35 36 64 23 71 97 100 3 31 48 56 79 77 26 22 50 
44 22 24 54 60 92 47 56 65 91 10 67 46 89 34 89 78 36 72 79 
72 2 24 75 87 38 84 100 99 31 28 69 2 78 65 2 8 84 5 94 
41 24 51 28 23 27 75 19 46 82 49 86 6 47 19 93 71 25 57 31 
86 98 49 32 92 80 68 81 55 68 57 5 21 53 13 50 20 69 67 68 
3 90 4 42 73 3 45 14 7 35 5 6 94 31 73 8 95 62 49 72 
56 81 88 36 98 44 20 90 73 27 60 77 24 12 35 82 67 21 29 85 
38 41 19 82 55 30 98 57 88 7 51 50 37 87 35 26 15 6 94 25 
11 48 49 64 62 85 40 72 63 14 76 72 26 3 62 15 66 54 82 14 
5 54 17 27 82 98 35 69 11 60 11 60 41 85 73 34 72 52 34 43 
8 64 24 37 39 66 64 22 87 38 73 77 38 12 1 45 32 67 26 58 
68 62 84 62 96 66 1 71 75 43 79 42 57 51 73 39 98 80 51 97 
17 21 73 98 38 39 75 52 65 58 28 17 63 9 75 61 11 52 69 40 
88 99 74 54 73 77 57 99 84 30 36 43 28 71 56 10 37 55 53 51 
64 79 93 24 17 92 80 12 24 48 35 55 58 99 21 3 76 81 60 22 
1 21 96 15 1 15 24 67 42 39 85 16 1 82 16 36 100 22 61 74 
6 63 86 78 27 72 29 22 50 59 68 73 96 55 2 84 26 99 25 14 
35 5 43 7 98 79 50 7 21 12 35 37 25 60 56 76 31 43 32 92 
20
94 24 50 35 66 60 54 83 2 67 99 96 77 21 100 22 3 22 93 87 
39 70 50 21 82 87 70 16 100 44 48 79 17 53 19 98 97 1 73 82 
1 5 20 12 8 34 83 44 68 21 53 41 39 94 28 42 100 20 59 54 
76 75 21 42 10 76 16 37 97 35 29 79 69 64 73 63 93 26 39 20 
50 46 28 65 30 92 11 95 33 20 92 42 28 6 27 54 24 2 88 74 
86 6 95 95 31 47 63 25 54 61 89 75 38 61 64 2 6 19 21 54 
38 18 66 40 61 75 22 83 11 81 94 83 45 11 88 96 27 7 73 89 
96 73 54 55 12 81 43 8 69 1 28 69 45 33 44 69 6 19 44 3 
65 77 18 16 15 69 22 36 81 53 75 59 14 86 53 54 41 76 68 56 
66 12 16 56 66 70 28 94 41 40 66 100 100 94 35 92 24 91 55 87 
14 46 18 11 100 88 90 23 86 41 7 61 29 52 49 54 83 49 2 59 
85 54 12 17 63 70 96 88 17 9 31 33 93 44 2 12 39 57 40 77 
51 52 44 26 87 58 83 35 13 65 45 9 87 100 67 97 36 58 13 63 
83 13 35 71 29 1 8 66 1 94 90 9 58 12 78 72 41 100 23 30 
39 21 52 92 47 24 49 86 62 37 35 1 84 99 20 9 70 1 81 89 
90 77 50 65 66 62 65 73 52 52 57 73 30 42 63 8 51 55 47 39 
98 96 63 3 59 20 40 23 26 76 28 62 51 88 36 41 36 64 54 84 
75 17 38 95 24 46 24 21 61 28 27 86 9 55 77 20 43 96 16 93 
58 52 53 33 42 72 31 90 60 67 37 23 53 84 76 22 80 42 12 15 
76 47 22 88 65 24 92 46 26 58 15 78 12 43 64 77 47 94 20 17 
20
96 92 70 85 13 25 98 79 86 65 43 75 56 60 69 86 60 19 13 31 
25 27 74 15 31 48 11 10 49 90 68 63 80 45 73 59 52 90 15 62 
5 64 6 14 20 47 86 15 37 63 40 38 49 83 90 21 1 18 35 29 
79 92 19 95 76 30 25 78 43 17 13 80 3 34 21 75 55 95 63 49 
86 55 76 78 12 7 73 85 50 29 19 57 45 14 59 90 19 7 99 23 
22 80 98 3 32 98 93 69 75 23 82 21 70 100 20 89 70 65 19 33 
90 41 14 82 29 48 27 93 62 32 78 40 79 83 69 34 44 94 20 21 
6 73 21 38 20 95 29 27 40 47 9 99 66 32 36 41 42 9 99 32 
6 97 90 39 4 63 17 29 78 48 5 24 11 13 23 71 62 82 41 71 
94 4 56 26 95 36 10 22 74 25 51 4 57 78 72 62 74 22 84 94 
25 11 86 44 45 95 91 21 32 39 95 73 27 58 75 62 31 17 69 32 
84 7 34 30 99 59 38 7 70 92 54 11 49 96 68 93 68 7 86 12 
81 35 1 70 79 60 31 55 73 62 60 28 66 41 59 54 59 35 48 91 
15 28 7 82 91 7 34 35 29 32 39 88 12 64 5 24 51 33 54 47 
77 67 95 54 52 63 97 3 9 24 81 82 49 15 92 14 46 96 21 96 
38 98 57 94 85 67 63 27 35 82 17 73 3 67 6 51 42 18 47 75 
64 53 31 14 37 58 79 8 77 18 28 50 25 23 50 7 39 98 66 17 
10 27 24 88 60 36 12 49 53 26 40 29 60 24 72 71 30 95 51 43 
98 26 93 62 30 72 23 62 65 90 2 17 94 77 9 12 42 40 58 37 
48 30 41 77 51 46 17 50 26 55 83 78 39 28 44 27 24 7 29 27 
20
84 75 14 93 79 76 72 56 70 30 6 64 18 43 42 72 29 98 10 21 
72 17 20 64 13 99 79 18 72 68 55 44 78 56 50 60 3 42 38 18 
77 59 98 19 60 22 57 7 86 79 65 58 46 7 56 30 35 44 92 11 
18 41 11 32 38 45 27 5 76 35 21 34 25 74 69 98 32 96 55 31 
74 81 14 18 92 60 83 44 24 66 45 46 11 13 3 74 47 41 15 21 
50 49 85 15 26 83 6 26 53 41 18 51 100 36 71 85 14 41 18 87 
52 11 7 23 98 60 78 12 19 17 34 53 61 20 88 67 84 72 80 26 
43 52 84 63 64 15 99 59 58 41 43 17 86 89 51 18 87 92 5 85 
59 38 93 65 18 57 14 6 76 85 83 97 14 51 83 19 50 11 63 25 
40 78 26 28 48 22 94 63 61 78 39 96 55 14 67 32 98 66 87 67 
41 45 69 64 98 41 68 60 68 44 41 45 78 36 76 89 45 1 98 30 
47 94 60 62 43 22 19 30 96 59 62 92 3 7 2 92 33 80 19 65 
83 16 58 90 65 6 76 59 15 100 28 61 31 94 97 53 36 55 6 38 
68 85 43 2 35 83 56 33 9 81 38 14 61 22 51 30 99 37 97 51 
9 93 84 2 81 9 14 22 27 13 40 96 1 38 59 49 84 49 59 18 
11 20 9 4 38 42 23 47 39 19 93 48 68 75 3 33 65 2 67 21 
46 82 6 47 19 73 13 79 32 86 62 28 36 2 86 14 70 87 67 82 
12 63 33 16 30 17 100 62 4 36 49 49 37 54 86 28 77 11 81 2 
74 17 34 98 15 3 60 31 77 96 18 20 93 85 35 59 85 57 42 35 
57 89 26 56 94 81 96 52 29 95 1 45 75 54 46 85 5 87 40 75 
20
59 50 49 9 22 24 40 20 67 72 91 78 52 62 36 13 12 81 56 94 
15 73 19 77 71 74 12 65 95 40 50 80 26 60 96 22 57 18 47 58 
35 34 26 48 17 85 34 6 51 55 28 19 85 91 77 96 92 90 77 48 
12 54 70 55 56 22 10 52 30 26 10 86 97 37 30 51 12 23 28 100 
3 12 15 62 86 24 24 5 47 69 34 21 73 21 16 24 32 8 62 46 
100 4 99 99 40 55 95 6 80 6 46 52 92 87 36 9 100 42 14 74 
31 14 73 54 74 72 83 93 70 23 46 25 40 9 38 61 81 55 31 55 
90 9 79 33 33 8 48 74 39 30 79 29 30 76 6 10 38 92 92 14 
23 7 25 26 21 19 64 48 68 64 64 4 96 96 68 11 10 36 83 12 
47 98 69 88 37 89 67 19 28 19 51 23 76 39 53 12 55 75 66 2 
81 23 86 51 89 64 5 20 93 98 31 30 33 34 28 36 71 95 81 80 
24 80 99 41 12 6 8 26 44 10 89 43 71 85 28 77 34 38 36 24 
6 68 58 21 13 96 41 62 88 77 69 82 68 56 75 67 83 43 42 45 
93 12 23 22 69 96 26 72 40 39 54 79 12 80 24 78 9 85 80 5 
48 64 22 4 1 59 65 23 78 47 41 6 66 17 30 18 99 18 73 65 
58 11 54 45 84 44 90 67 80 24 74 1 62 6 86 14 57 43 63 21 
81 36 92 10 74 38 39 77 77 88 9 13 8 79 22 57 72 72 43 74 
18 85 54 13 80 14 61 72 65 1 93 94 98 78 21 61 45 11 21 75 
45 86 50 86 44 43 17 20 69 97 81 1 72 65 71 53 45 55 5 50 
15 62 99 76 47 45 84 36 63 39 60 99 92 47 61 28 46 17 68 16 
20
95 4 73 5 83 23 40 60 83 96 25 29 27 47 60 67 38 20 43 13 
89 84 24 81 99 1 50 88 36 32 9 47 2 96 54 34 69 4 74 89 
63 66 87 41 71 25 6 81 73 25 7 72 40 30 93 88 95 77 36 83 
2 98 10 28 39 80 86 39 17 58 35 72 66 46 3 44 49 79 37 84 
81 71 66 56 21 16 22 30 24 72 11 31 59 89 44 24 51 96 61 4 
80 20 4 85 33 44 54 65 10 40 14 93 43 80 30 19 99 69 48 75 
40 70 58 98 21 57 62 94 31 98 65 69 15 74 90 26 78 64 4 46 
91 95 19 23 100 13 93 88 91 2 41 2 22 8 52 49 28 24 15 83 
41 100 65 18 14 16 72 3 42 67 38 39 18 6 7 97 95 48 20 35 
75 94 9 59 72 27 55 8 22 72 91 91 15 83 37 40 22 70 62 1 
70 96 59 77 22 4 2 7 78 72 100 24 92 70 84 100 47 37 47 8 
61 47 2 80 84 95 38 15 62 73 83 17 86 42 22 6 99 21 46 16 
28 39 8 9 59 22 81 1 57 95 63 27 5 69 75 9 19 64 53 38 
57 37 57 36 67 64 18 15 3 18 78 33 35 94 80 37 28 50 44 31 
41 92 33 74 94 62 62 77 94 62 54 86 97 56 91 66 37 36 33 29 
90 85 38 59 24 65 15 54 17 76 86 13 94 89 47 83 94 45 59 94 
35 4 3 51 81 99 24 40 69 91 47 43 98 54 38 75 60 19 60 77 
50 28 27 22 31 83 75 82 60 27 62 76 6 29 23 23 31 26 63 74 
4 47 17 94 100 49 57 18 92 1 3 82 12 71 14 33 57 23 66 13 
53 69 93 88 70 18 63 1 99 11 36 68 6 32 82 67 86 14 11 66 
20
13 51 97 58 2 54 1 53 81 6 49 21 53 2 69 14 93 98 62 2 
12 30 38 32 59 55 35 44 39 85 40 24 9 100 24 63 93 40 7 66 
62 58 25 1 15 1 30 66 37 55 83 77 50 17 99 82 91 69 73 18 
22 51 48 29 48 70 1 31 50 27 98 81 37 18 84 31 90 12 39 1 
65 21 98 18 30 98 35 85 75 6 93 50 7 47 15 76 37 86 85 89 
9 17 92 18 70 39 13 23 100 25 91 13 39 21 20 61 36 84 77 56 
96 16 84 38 65 95 30 53 72 62 72 57 79 96 67 11 43 44 10 40 
74 87 74 15 80 100 85 73 96 14 82 95 70 85 11 41 98 40 73 22 
61 69 52 37 47 48 76 25 65 72 46 40 70 76 71 25 74 96 12 32 
54 79 4 69 94 18 61 43 51 68 15 80 74 34 81 3 20 47 59 100 
79 26 62 17 87 28 5 81 13 76 20 74 43 20 50 48 14 76 46 92 
87 26 13 86 72 88 74 35 99 67 72 15 23 1 90 39 60 24 49 78 
91 91 24 79 34 63 8 65 79 88 20 12 11 69 30 87 63 25 49 56 
55 3 55 66 47 89 35 83 63 100 94 42 98 45 87 36 50 27 69 72 
64 9 23 2 62 64 97 58 13 72 31 50 34 6 57 41 83 76 21 45 
87 79 36 35 5 75 92 91 36 50 38 49 2 93 13 20 98 75 2 17 
83 12 46 3 59 12 5 30 58 72 66 38 80 6 3 74 55 100 59 65 
89 88 70 29 91 25 85 52 29 47 46 5 57 64 16 74 28 9 93 63 
7 53 96 8 88 95 42 87 74 50 97 39 66 49 9 83 15 25 76 83 
4 20 72 82 59 71 1 98 80 89 55 17 63 38 65 28 25 17 53 54 
20
77 24 41 30 46 73 20 80 19 71 31 70 34 55 16 76 95 86 42 96 
44 48 36 9 41 34 10 28 91 94 43 35 74 21 71 91 95 47 8 77 
54 56 18 52 25 44 59 92 92 99 75 54 64 64 12 75 61 51 27 18 
80 77 83 85 12 54 84 27 65 52 13 49 20 88 94 87 49 16 28 76 
30 92 77 88 47 59 84 96 18 86 35 37 27 50 60 86 93 30 49 86 
13 45 31 64 63 68 65 6 2 54 46 8 58 24 47 32 59 77 57 44 
86 45 99 79 35 81 13 51 34 44 17 69 44 76 5 89 76 36 96 66 
55 89 32 14 41 34 62 96 15 90 34 58 11 45 68 98 66 20 43 27 
53 55 16 84 72 57 2 8 18 83 28 76 81 63 35 85 11 87 83 25 
46 45 31 6 63 70 52 26 45 78 12 14 18 71 93 17 53 82 62 13 
38 17 15 94 23 18 6 94 33 41 10 48 37 18 52 57 14 89 78 56 
22 83 42 75 83 38 8 31 18 40 29 43 59 66 47 95 51 22 71 31 
85 68 17 46 15 16 18 56 59 37 4 13 45 26 5 34 26 12 25 82 
82 15 42 28 74 8 95 45 77 49 41 31 94 83 43 60 19 94 36 12 
43 52 73 35 65 18 14 63 5 98 80 25 47 98 77 20 85 59 75 73 
6 26 33 21 24 35 48 97 76 77 75 96 64 55 46 72 78 62 51 94 
2 96 35 90 47 7 91 98 9 4 58 20 61 93 76 71 70 60 28 95 
46 1 96 14 9 20 35 95 9 12 32 39 57 44 28 15 11 97 71 73 
23 27 51 60 82 61 79 74 69 61 35 84 1 49 82 93 12 46 66 2 
80 83 11 49 80 53 78 65 64 6 96 52 4 53 38 87 1 78 54 8 
20
23 4 24 48 2 95 1 80 30 63 32 43 86 85 23 29 3 25 80 82 
81 86 34 41 13 63 34 97 40 53 48 64 84 8 22 98 71 8 53 89 
100 35 18 30 71 86 29 79 52 97 7 49 33 90 71 92 6 33 34 14 
38 35 52 94 80 72 16 10 18 79 22 43 95 29 46 34 93 29 37 76 
58 66 29 56 57 9 94 80 53 23 51 64 23 35 93 79 75 94 81 63 
27 6 44 99 66 43 32 27 57 15 8 100 76 60 52 54 75 23 19 47 
55 32 82 10 76 63 25 33 60 98 79 40 55 93 22 36 77 82 42 12 
54 27 26 10 87 35 26 98 95 96 31 16 63 91 43 90 77 97 70 45 
94 10 5 94 40 88 9 41 10 46 17 4 81 44 50 69 29 78 51 83 
73 18 53 41 64 26 91 92 23 63 19 32 42 51 40 11 4 34 19 35 
100 59 20 15 42 78 39 10 62 20 32 25 24 91 5 92 94 30 68 26 
89 75 36 92 13 79 91 9 27 91 73 24 75 48 74 59 43 3 49 55 
44 61 67 31 64 75 69 60 28 86 8 10 63 56 95 15 10 66 26 50 
12 14 7 96 85 37 52 28 91 86 98 24 73 80 36 41 73 11 30 42 
58 88 27 39 25 73 51 69 85 68 94 30 14 56 70 19 77 47 46 70 
99 71 42 55 13 100 12 17 47 28 57 83 74 73 92 81 91 6 38 98 
91 24 52 47 6 30 33 10 86 61 21 16 13 6 81 56 3 37 60 86 
47 94 58 47 10 58 80 60 59 93 21 43 29 33 81 48 26 67 22 97 
50 45 1 76 27 7 73 17 54 53 99 75 47 3 38 4 82 15 85 14 
49 42 95 64 24 55 72 16 38 17 45 34 61 76 93 70 1 21 48 20 
20
59 67 43 75 74 41 84 61 85 15 2 83 25 87 78 29 18 78 81 25 
91 7 75 69 23 73 31 89 26 58 40 47 93 96 12 75 80 53 91 93 
11 2 14 94 63 27 8 40 17 69 17 70 58 99 76 65 45 100 68 52 
77 47 61 22 33 32 86 77 68 65 68 98 82 78 65 55 61 24 95 90 
28 96 90 55 66 8 2 95 50 47 98 25 68 59 30 86 31 24 46 97 
41 76 24 44 94 18 50 94 49 64 63 53 14 96 83 14 7 24 41 15 
5 78 19 52 39 37 60 18 27 54 34 87 1 43 18 52 38 45 20 68 
47 11 16 3 27 4 65 56 86 8 77 58 79 62 20 63 11 57 40 23 
14 88 53 41 45 96 8 7 88 83 97 58 15 94 50 43 7 98 56 6 
97 12 48 37 96 62 49 8 11 14 39 8 33 9 33 27 11 12 5 13 
64 8 32 21 4 4 96 94 7 18 60 25 99 74 73 95 77 44 91 75 
79 18 42 97 60 56 77 79 39 81 7 49 39 13 15 61 32 76 86 62 
77 26 8 29 37 35 7 2 51 86 38 77 87 97 10 92 100 96 91 58 
59 70 93 57 67 84 77 71 71 48 29 70 94 84 82 100 26 43 95 4 
22 45 69 69 81 33 53 62 37 25 2 58 96 68 93 72 98 81 24 59 
29 93 76 87 67 18 68 56 52 61 87 30 32 89 5 34 29 82 78 23 
76 72 47 8 81 51 62 66 98 30 17 37 66 11 89 42 31 84 79 85 
79 31 18 58 74 64 14 51 1 19 10 31 54 71 7 42 43 40 10 22 
54 51 99 85 48 98 72 58 32 22 59 30 32 43 100 96 31 16 66 64 
88 14 66 76 94 92 53 58 85 52 41 3 72 47 10 11 63 35 69 6 
20
60 19 4 1 54 26 9 17 67 87 68 71 29 94 90 60 27 25 78 42 
29 1 17 63 80 78 58 97 11 63 66 43 45 42 13 74 9 22 26 61 
72 1 25 72 25 70 78 35 26 26 91 91 86 24 54 3 88 9 9 14 
41 22 62 60 75 88 77 20 56 64 99 22 44 99 36 46 7 16 44 86 
78 13 26 99 85 90 84 56 86 16 25 20 36 44 40 72 63 38 89 14 
28 9 19 87 71 13 69 40 30 13 83 90 35 10 26 6 49 15 32 63 
31 74 42 14 96 88 62 6 93 9 89 65 27 8 84 60 75 65 9 31 
57 65 90 21 79 43 23 81 55 62 28 23 55 18 93 89 88 46 31 84 
31 77 72 75 13 26 38 68 42 30 76 4 78 14 91 44 90 7 61 21 
43 84 25 87 84 71 94 100 35 12 74 40 25 9 27 78 57 19 44 96 
62 50 73 25 29 93 39 67 81 35 2 10 97 78 23 50 11 63 6 67 
33 92 7 54 78 68 1 25 14 14 88 56 85 37 60 72 25 77 68 5 
1 15 18 23 97 86 23 52 45 69 70 15 17 38 26 99 94 47 70 55 
99 58 78 14 56 59 48 83 90 53 49 6 78 10 18 61 100 16 75 5 
81 27 1 86 18 66 4 3 42 12 44 81 57 92 88 99 73 92 54 58 
61 6 65 36 77 56 66 40 99 17 67 60 80 5 45 75 50 15 33 49 
12 63 97 31 50 73 16 63 83 84 86 63 97 46 73 42 6 61 96 57 
92 23 32 28 65 83 18 22 68 16 90 60 46 22 62 56 78 33 49 30 
32 29 31 37 88 65 30 83 9 5 9 52 12 39 66 1 67 65 16 35 
79 29 56 68 72 64 38 57 9 79 14 17 24 11 47 42 52 34 92 57 
20
38 95 15 66 28 66 19 28 4 35 29 29 88 15 71 56 20 71 32 88 
22 3 68 33 25 97 77 99 46 2 36 8 59 18 72 89 69 22 12 30 
78 71 50 80 17 56 93 74 6 76 47 2 29 97 100 96 92 17 64 18 
84 30 90 39 16 9 20 19 25 93 80 36 35 32 52 16 80 89 73 42 
41 92 36 48 88 1 88 58 90 60 21 56 99 33 31 16 71 11 69 72 
31 32 67 71 27 52 96 54 47 6 32 48 27 86 6 40 94 14 47 37 
76 77 8 41 9 48 30 72 9 3 56 92 35 52 78 77 42 58 53 21 
91 40 69 29 50 99 65 30 78 87 65 13 36 58 33 89 60 95 31 83 
98 57 41 90 13 21 37 27 94 9 61 4 93 35 57 52 28 20 44 53 
9 74 36 4 62 93 46 58 56 97 61 33 98 64 22 69 79 26 36 6 
46 12 60 55 63 86 16 37 24 15 58 94 14 83 2 90 45 22 17 32 
65 39 70 49 88 95 77 42 59 50 53 41 30 83 43 61 69 99 95 34 
70 69 81 12 60 67 42 49 15 84 67 81 64 8 58 49 59 18 90 26 
20 20 13 72 22 44 23 100 36 54 97 96 50 30 16 14 38 95 14 8 
18 2 32 80 59 9 67 42 18 21 2 51 23 41 99 93 45 43 6 69 
68 59 23 91 89 49 82 46 4 81 70 38 50 34 96 57 63 23 92 38 
41 37 61 85 14 13 71 11 13 79 52 84 71 99 60 81 60 20 64 16 
96 14 67 8 44 48 52 28 94 99 79 63 62 37 81 6 45 55 34 44 
28 71 43 79 75 72 87 55 39 69 93 60 44 37 96 8 80 43 96 26 
15 17 14 95 44 90 23 45 12 10 16 16 80 89 50 2 46 11 75 64 
